2.400000000000e+02 3.000000000000e-02
2.400000000000e+02 3.500000000000e-02
2.400000000000e+02 4.000000000000e-02
2.400000000000e+02 4.500000000000e-02
2.450000000000e+02 2.500000000000e-02
2.450000000000e+02 3.000000000000e-02
2.450000000000e+02 3.500000000000e-02
2.450000000000e+02 4.000000000000e-02
2.500000000000e+02 2.500000000000e-02
2.500000000000e+02 3.000000000000e-02
2.500000000000e+02 3.500000000000e-02
2.500000000000e+02 4.000000000000e-02
2.550000000000e+02 2.000000000000e-02
2.550000000000e+02 2.500000000000e-02
2.550000000000e+02 3.000000000000e-02
2.550000000000e+02 3.500000000000e-02
2.600000000000e+02 2.000000000000e-02
2.600000000000e+02 2.500000000000e-02
2.600000000000e+02 3.000000000000e-02
2.600000000000e+02 3.500000000000e-02
2.650000000000e+02 1.500000000000e-02
2.650000000000e+02 2.000000000000e-02
2.650000000000e+02 2.500000000000e-02
2.650000000000e+02 3.000000000000e-02
2.700000000000e+02 1.500000000000e-02
2.700000000000e+02 2.000000000000e-02
2.700000000000e+02 2.500000000000e-02
2.700000000000e+02 3.000000000000e-02
2.750000000000e+02 1.500000000000e-02
2.750000000000e+02 2.000000000000e-02
2.750000000000e+02 2.500000000000e-02
2.750000000000e+02 3.000000000000e-02
2.800000000000e+02 1.000000000000e-02
2.800000000000e+02 1.500000000000e-02
2.800000000000e+02 2.000000000000e-02
2.800000000000e+02 2.500000000000e-02
2.850000000000e+02 1.000000000000e-02
2.850000000000e+02 1.500000000000e-02
2.850000000000e+02 2.000000000000e-02
2.850000000000e+02 2.500000000000e-02
2.900000000000e+02 1.000000000000e-02
2.900000000000e+02 1.500000000000e-02
2.900000000000e+02 2.000000000000e-02
2.900000000000e+02 2.500000000000e-02
2.950000000000e+02 5.000000000000e-03
2.950000000000e+02 1.000000000000e-02
2.950000000000e+02 1.500000000000e-02
2.950000000000e+02 2.000000000000e-02
3.000000000000e+02 5.000000000000e-03
3.000000000000e+02 1.000000000000e-02
3.000000000000e+02 1.500000000000e-02
3.000000000000e+02 2.000000000000e-02
3.050000000000e+02 5.000000000000e-03
3.050000000000e+02 1.000000000000e-02
3.050000000000e+02 1.500000000000e-02
3.050000000000e+02 2.000000000000e-02
3.100000000000e+02 -0.000000000000e+00
3.100000000000e+02 5.000000000000e-03
3.100000000000e+02 1.000000000000e-02
3.100000000000e+02 1.500000000000e-02
3.150000000000e+02 -0.000000000000e+00
3.150000000000e+02 5.000000000000e-03
3.150000000000e+02 1.000000000000e-02
3.150000000000e+02 1.500000000000e-02
3.200000000000e+02 -0.000000000000e+00
3.200000000000e+02 5.000000000000e-03
3.200000000000e+02 1.000000000000e-02
3.200000000000e+02 1.500000000000e-02
3.250000000000e+02 -5.000000000000e-03
3.250000000000e+02 0.000000000000e+00
3.250000000000e+02 5.000000000000e-03
3.250000000000e+02 1.000000000000e-02
3.300000000000e+02 -5.000000000000e-03
3.300000000000e+02 0.000000000000e+00
3.300000000000e+02 5.000000000000e-03
3.300000000000e+02 1.000000000000e-02
3.350000000000e+02 -5.000000000000e-03
3.350000000000e+02 0.000000000000e+00
3.350000000000e+02 5.000000000000e-03
3.350000000000e+02 1.000000000000e-02
3.400000000000e+02 -5.000000000000e-03
3.400000000000e+02 0.000000000000e+00
3.400000000000e+02 5.000000000000e-03
3.400000000000e+02 1.000000000000e-02
3.450000000000e+02 -1.000000000000e-02
3.450000000000e+02 -5.000000000000e-03
3.450000000000e+02 0.000000000000e+00
3.450000000000e+02 5.000000000000e-03
3.500000000000e+02 -1.000000000000e-02
3.500000000000e+02 -5.000000000000e-03
3.500000000000e+02 0.000000000000e+00
3.500000000000e+02 5.000000000000e-03
3.550000000000e+02 -1.000000000000e-02
3.550000000000e+02 -5.000000000000e-03
3.550000000000e+02 0.000000000000e+00
3.550000000000e+02 5.000000000000e-03
3.600000000000e+02 -1.000000000000e-02
3.600000000000e+02 -5.000000000000e-03
3.600000000000e+02 0.000000000000e+00
3.600000000000e+02 5.000000000000e-03
3.650000000000e+02 -1.500000000000e-02
3.650000000000e+02 -1.000000000000e-02
3.650000000000e+02 -5.000000000000e-03
3.650000000000e+02 0.000000000000e+00
3.700000000000e+02 -1.500000000000e-02
3.700000000000e+02 -1.000000000000e-02
3.700000000000e+02 -5.000000000000e-03
3.700000000000e+02 0.000000000000e+00
3.750000000000e+02 -1.000000000000e-02
3.750000000000e+02 -5.000000000000e-03
3.750000000000e+02 0.000000000000e+00
3.800000000000e+02 -1.500000000000e-02
3.800000000000e+02 -1.000000000000e-02
3.800000000000e+02 -5.000000000000e-03
3.800000000000e+02 0.000000000000e+00
3.850000000000e+02 -2.000000000000e-02
3.850000000000e+02 -1.500000000000e-02
3.850000000000e+02 -1.000000000000e-02
3.850000000000e+02 -5.000000000000e-03
3.900000000000e+02 -2.000000000000e-02
3.900000000000e+02 -1.500000000000e-02
3.900000000000e+02 -1.000000000000e-02
3.900000000000e+02 -5.000000000000e-03
3.950000000000e+02 -1.500000000000e-02
3.950000000000e+02 -1.000000000000e-02
3.950000000000e+02 -5.000000000000e-03
4.000000000000e+02 -2.000000000000e-02
4.000000000000e+02 -1.500000000000e-02
4.000000000000e+02 -1.000000000000e-02
4.050000000000e+02 -2.000000000000e-02
4.050000000000e+02 -1.500000000000e-02
4.050000000000e+02 -1.000000000000e-02
4.100000000000e+02 -1.500000000000e-02
4.200000000000e+02 -2.000000000000e-02
4.250000000000e+02 -2.500000000000e-02
4.250000000000e+02 -2.000000000000e-02
4.250000000000e+02 -1.500000000000e-02
4.300000000000e+02 -2.500000000000e-02
4.300000000000e+02 -2.000000000000e-02
4.300000000000e+02 -1.500000000000e-02
4.350000000000e+02 -2.000000000000e-02
4.400000000000e+02 -2.500000000000e-02
4.400000000000e+02 1.500000000000e-01
4.400000000000e+02 1.550000000000e-01
4.400000000000e+02 1.600000000000e-01
4.450000000000e+02 -3.000000000000e-02
4.450000000000e+02 -2.500000000000e-02
4.450000000000e+02 -2.000000000000e-02
4.450000000000e+02 1.450000000000e-01
4.450000000000e+02 1.500000000000e-01
4.450000000000e+02 1.550000000000e-01
4.450000000000e+02 1.600000000000e-01
4.450000000000e+02 1.650000000000e-01
4.450000000000e+02 1.700000000000e-01
4.500000000000e+02 -3.000000000000e-02
4.500000000000e+02 -2.500000000000e-02
4.500000000000e+02 -2.000000000000e-02
4.500000000000e+02 1.450000000000e-01
4.500000000000e+02 1.500000000000e-01
4.500000000000e+02 1.550000000000e-01
4.500000000000e+02 1.600000000000e-01
4.500000000000e+02 1.650000000000e-01
4.500000000000e+02 1.700000000000e-01
4.500000000000e+02 1.750000000000e-01
4.550000000000e+02 -2.500000000000e-02
4.550000000000e+02 1.250000000000e-01
4.550000000000e+02 1.500000000000e-01
4.550000000000e+02 1.550000000000e-01
4.550000000000e+02 1.600000000000e-01
4.550000000000e+02 1.650000000000e-01
4.550000000000e+02 1.700000000000e-01
4.550000000000e+02 1.750000000000e-01
4.550000000000e+02 1.800000000000e-01
4.550000000000e+02 1.850000000000e-01
4.600000000000e+02 1.200000000000e-01
4.600000000000e+02 1.250000000000e-01
4.600000000000e+02 1.300000000000e-01
4.600000000000e+02 1.450000000000e-01
4.600000000000e+02 1.500000000000e-01
4.600000000000e+02 1.550000000000e-01
4.600000000000e+02 1.600000000000e-01
4.600000000000e+02 1.650000000000e-01
4.600000000000e+02 1.700000000000e-01
4.600000000000e+02 1.750000000000e-01
4.600000000000e+02 1.800000000000e-01
4.600000000000e+02 1.850000000000e-01
4.600000000000e+02 1.900000000000e-01
4.650000000000e+02 1.150000000000e-01
4.650000000000e+02 1.200000000000e-01
4.650000000000e+02 1.250000000000e-01
4.650000000000e+02 1.300000000000e-01
4.650000000000e+02 1.350000000000e-01
4.650000000000e+02 1.500000000000e-01
4.650000000000e+02 1.550000000000e-01
4.650000000000e+02 1.600000000000e-01
4.650000000000e+02 1.750000000000e-01
4.650000000000e+02 1.800000000000e-01
4.650000000000e+02 1.850000000000e-01
4.650000000000e+02 1.900000000000e-01
4.650000000000e+02 1.950000000000e-01
4.700000000000e+02 1.100000000000e-01
4.700000000000e+02 1.150000000000e-01
4.700000000000e+02 1.200000000000e-01
4.700000000000e+02 1.250000000000e-01
4.700000000000e+02 1.300000000000e-01
4.700000000000e+02 1.350000000000e-01
4.700000000000e+02 1.400000000000e-01
4.700000000000e+02 1.550000000000e-01
4.700000000000e+02 1.800000000000e-01
4.700000000000e+02 1.850000000000e-01
4.700000000000e+02 1.900000000000e-01
4.700000000000e+02 1.950000000000e-01
4.700000000000e+02 2.000000000000e-01
4.750000000000e+02 1.100000000000e-01
4.750000000000e+02 1.150000000000e-01
4.750000000000e+02 1.200000000000e-01
4.750000000000e+02 1.250000000000e-01
4.750000000000e+02 1.300000000000e-01
4.750000000000e+02 1.350000000000e-01
4.750000000000e+02 1.400000000000e-01
4.750000000000e+02 1.450000000000e-01
4.750000000000e+02 1.850000000000e-01
4.750000000000e+02 1.900000000000e-01
4.750000000000e+02 1.950000000000e-01
4.750000000000e+02 2.000000000000e-01
4.800000000000e+02 1.050000000000e-01
4.800000000000e+02 1.100000000000e-01
4.800000000000e+02 1.150000000000e-01
4.800000000000e+02 1.200000000000e-01
4.800000000000e+02 1.250000000000e-01
4.800000000000e+02 1.300000000000e-01
4.800000000000e+02 1.350000000000e-01
4.800000000000e+02 1.400000000000e-01
4.800000000000e+02 1.450000000000e-01
4.800000000000e+02 1.500000000000e-01
4.800000000000e+02 1.900000000000e-01
4.800000000000e+02 1.950000000000e-01
4.800000000000e+02 2.000000000000e-01
4.800000000000e+02 2.050000000000e-01
4.850000000000e+02 1.100000000000e-01
4.850000000000e+02 1.150000000000e-01
4.850000000000e+02 1.200000000000e-01
4.850000000000e+02 1.250000000000e-01
4.850000000000e+02 1.300000000000e-01
4.850000000000e+02 1.350000000000e-01
4.850000000000e+02 1.400000000000e-01
4.850000000000e+02 1.450000000000e-01
4.850000000000e+02 1.500000000000e-01
4.850000000000e+02 1.950000000000e-01
4.850000000000e+02 2.000000000000e-01
4.850000000000e+02 2.050000000000e-01
4.850000000000e+02 2.100000000000e-01
4.900000000000e+02 1.200000000000e-01
4.900000000000e+02 1.250000000000e-01
4.900000000000e+02 1.300000000000e-01
4.900000000000e+02 1.350000000000e-01
4.900000000000e+02 1.400000000000e-01
4.900000000000e+02 1.450000000000e-01
4.900000000000e+02 1.500000000000e-01
4.900000000000e+02 1.950000000000e-01
4.900000000000e+02 2.000000000000e-01
4.900000000000e+02 2.050000000000e-01
4.900000000000e+02 2.100000000000e-01
4.950000000000e+02 1.200000000000e-01
4.950000000000e+02 1.250000000000e-01
4.950000000000e+02 1.300000000000e-01
4.950000000000e+02 1.350000000000e-01
4.950000000000e+02 1.400000000000e-01
4.950000000000e+02 1.450000000000e-01
4.950000000000e+02 1.500000000000e-01
4.950000000000e+02 1.650000000000e-01
4.950000000000e+02 2.000000000000e-01
4.950000000000e+02 2.050000000000e-01
4.950000000000e+02 2.100000000000e-01
4.950000000000e+02 2.150000000000e-01
5.000000000000e+02 1.250000000000e-01
5.000000000000e+02 1.300000000000e-01
5.000000000000e+02 1.350000000000e-01
5.000000000000e+02 1.400000000000e-01
5.000000000000e+02 1.450000000000e-01
5.000000000000e+02 1.600000000000e-01
5.000000000000e+02 1.650000000000e-01
5.000000000000e+02 1.700000000000e-01
5.000000000000e+02 2.050000000000e-01
5.000000000000e+02 2.100000000000e-01
5.000000000000e+02 2.150000000000e-01
5.000000000000e+02 2.200000000000e-01
