TITLE = "branch_Re800_traditional_centrifugal"
VARIABLES = "pressure_gradient" "Tw" "thermal_rossby" "rotor_heat_flux_Tz" "G_mid" "H_min" "F_min" "F_max" "nodes" "max_rms_residual"
DATASETAUXDATA Source_File = "boussinesq_singularity_re_scan/Re800/branch_Re800_traditional_centrifugal.csv"
DATASETAUXDATA Converter = "convert_all_to_tecplot.py"
ZONE T="data", I=387, DATAPACKING=POINT
0.09854664485121374 1 0 -3.132935975202291e-16 0.3086900948160666 -1.039340577165757 -0.1518367952823175 0.1695357740202571 674 9.925007063608407e-07
0.09754664485121374 1.002345881624862 0.002345881624862045 -0.02059776595932601 0.3069230098683317 -1.036718068675537 -0.1510733548279473 0.1691857431267234 675 9.679905659716726e-07
0.09654664485121374 1.004686978080763 0.004686978080763016 -0.04109939804917762 0.3051470717611648 -1.03405894596606 -0.1503044184989919 0.1688361757124726 677 9.682528491757935e-07
0.09554664485121374 1.00702316009532 0.007023160095319891 -0.0615037256959879 0.3033622189287623 -1.031362480022931 -0.1495299078688898 0.1684871052122622 678 9.763752903807212e-07
0.09454664485121374 1.009354295145444 0.009354295145443947 -0.08180955785690618 0.3015683901600483 -1.028627921457474 -0.1487497426055297 0.1681385658675616 679 9.689158553806716e-07
0.09354664485121374 1.011680247374544 0.01168024737454365 -0.1020156823918054 0.2997655246437811 -1.025905705794486 -0.1479638404097543 0.167790592739303 679 9.915802066567173e-07
0.09254664485121374 1.014000877602369 0.01400087760236857 -0.1221208662293417 0.2979535620208584 -1.023173815748168 -0.1471721169407942 0.1674432216973253 680 9.812002707036609e-07
0.09154664485121373 1.016316043292108 0.01631604329210812 -0.1421238551078454 0.2961324424350569 -1.020401760210544 -0.1463744857483859 0.1670964894204647 681 9.987737730442502e-07
0.09054664485121373 1.018625598528768 0.01862559852876844 -0.1620233734211969 0.2943021065895151 -1.017588696235013 -0.1455708581925586 0.1667504333920581 682 9.853191796603061e-07
0.08954664485121373 1.020929394012993 0.02092939401299265 -0.1818181241390916 0.2924624958036364 -1.014741599191527 -0.1447611433659333 0.1664050918919205 683 9.713247359961281e-07
0.08854664485121373 1.023227277032591 0.02322727703259053 -0.2015067885136296 0.2906135520739699 -1.011926945743386 -0.1439452480104186 0.1660605039927643 685 9.71925806615185e-07
0.08754664485121373 1.025519091502388 0.02551909150238818 -0.2210880263259009 0.288755218138496 -1.009068932737343 -0.1431230764274834 0.165716709539391 685 9.849691381309419e-07
0.08654664485121373 1.027804677914977 0.0278046779149772 -0.2405604753397314 0.2868874375423594 -1.00616660727389 -0.1422945303875204 0.1653737491482521 686 9.78071193277265e-07
0.08554664485121373 1.03008387338646 0.0300838733864599 -0.2599227515052957 0.2850101547073748 -1.003218986994247 -0.1414727573212486 0.1650316641845383 687 9.974191787180644e-07
0.08454664485121373 1.032356511668681 0.03235651166868059 -0.279173448842783 0.2831233150061506 -1.000295370500921 -0.1406519510971461 0.1646904967447914 688 9.9031633063525e-07
0.08354664485121373 1.034622423177488 0.03462242317748809 -0.298311139397468 0.2812268648378095 -0.9973394685513869 -0.1398243400854134 0.1643502896361783 689 9.795896470470128e-07
0.08254664485121373 1.036881435031473 0.03688143503147256 -0.3173343732288187 0.2793207517080053 -0.9943354878972954 -0.1389898120892038 0.164011086351764 690 9.868115148280508e-07
0.08154664485121373 1.039133371100742 0.03913337110074244 -0.3362416784211757 0.2774049243122636 -0.991282310332766 -0.1381482517604013 0.1636729310427452 690 9.963347351381301e-07
0.08054664485121373 1.041378052069131 0.04137805206913137 -0.3550315611332375 0.2754793326235876 -0.9882493350431295 -0.1372995404690316 0.1633358684858761 690 9.956366324870723e-07
0.07954664485121372 1.0436152955 0.04361529549999976 -0.3737025056130638 0.2735439279826539 -0.9851817398170694 -0.1364435561730158 0.1629999440512729 693 9.78864363745852e-07
0.07854664485121372 1.04584491594638 0.04584491594638029 -0.3922529744983159 0.2715986631928927 -0.9820617451918825 -0.1355801732753344 0.1626652036526287 693 9.797846030709393e-07
0.07754664485121372 1.048066725021191 0.04806672502119147 -0.4106814086870497 0.2696434926194866 -0.9788904136947928 -0.134709262470617 0.1623316937156973 693 9.807306674749324e-07
0.07654664485121372 1.050280531534878 0.05028053153487755 -0.4289862277018062 0.2676783722913945 -0.9757510237897026 -0.1338306905933719 0.1619994611210439 693 9.81701522011661e-07
0.07554664485121372 1.052486141627438 0.05248614162743803 -0.447165829884389 0.2657032600084067 -0.9725556687493374 -0.1329443204478699 0.1616685531506186 693 9.826960846383047e-07
0.07454664485121372 1.054683358922577 0.05468335892257747 -0.4652185926779462 0.2637181154517341 -0.9693029230652378 -0.1320688794307402 0.1613390174276824 693 9.837133209231317e-07
0.07354664485121372 1.056871984702798 0.05687198470279808 -0.4831428729661783 0.261722900298719 -0.9660333318352905 -0.1311879296246552 0.161010901850515 693 9.847522169459083e-07
0.07254664485121372 1.059051818106546 0.05905181810654581 -0.5009370074726134 0.2597175783415249 -0.9627529397151643 -0.130298601137254 0.1606842545197807 693 9.858117120592488e-07
0.07154664485121372 1.061222656349086 0.06122265634908608 -0.5185993132252723 0.257702115609723 -0.9594110007781904 -0.1294007349015354 0.1603591236591575 693 9.868907915739739e-07
0.07054664485121372 1.063384294968866 0.06338429496886588 -0.5361280880923738 0.2556764804966479 -0.9560149047128192 -0.1284941666937785 0.1600355575288291 693 9.879884822199593e-07
0.06954664485121372 1.065536528101183 0.06553652810118327 -0.5535216113949601 0.2536406438893336 -0.952638473639849 -0.1275787268921355 0.1597136043314322 693 9.891037854928142e-07
0.06854664485121371 1.067679148781051 0.06767914878105086 -0.5707781446025975 0.2515945793017767 -0.9491958170770449 -0.1266542402203119 0.1593933121100473 693 9.902357061310614e-07
0.06754664485121371 1.069811949277169 0.06981194927716872 -0.5878959321183871 0.2495382630111895 -0.9456850762773626 -0.1257205254751841 0.159074728637831 693 9.913832662329351e-07
0.06654664485121371 1.071934721458958 0.07193472145895807 -0.6048732021596392 0.2474716741968086 -0.942192631001925 -0.1247773952370943 0.1587579012988923 693 9.925455080150199e-07
0.06554664485121371 1.074047257198587 0.07404725719858729 -0.6217081677404583 0.2453947950807097 -0.9386360785513345 -0.1238412098295576 0.1584428769600418 693 9.937214880645208e-07
0.06454664485121371 1.07614934881168 0.07614934881168001 -0.6383990277635145 0.2433076110693636 -0.9350059050344269 -0.1229008027934893 0.1581297018324145 694 9.965181645014629e-07
0.06354664485121371 1.078240789529022 0.0782407895290218 -0.6549439682288891 0.2412101108984174 -0.9313904579443169 -0.1219502091748266 0.1578184213274006 695 9.961108640784099e-07
0.06254664485121371 1.080321374018128 0.08032137401812811 -0.6713411635234076 0.23910228677241 -0.9277048662217744 -0.1209892081617145 0.1575090798926929 695 9.973224080035539e-07
0.06154664485121371 1.082390898951143 0.0823908989511426 -0.6875887779230366 0.236984134503748 -0.9239484162405333 -0.120017570746119 0.1572017208493955 695 9.985439628549528e-07
0.06054664485121371 1.084449163592501 0.0844491635925011 -0.7036849671173933 0.2348556536534772 -0.9202007374288051 -0.1190350592963177 0.1568963862143646 695 9.997746457917052e-07
0.05954664485121371 1.08649597045614 0.08649597045613988 -0.7196278799168184 0.232716847658422 -0.9163686099801918 -0.1180414270736508 0.1565931165098256 696 9.546610306658012e-07
0.05854664485121371 1.088531125981164 0.08853112598116364 -0.7354156600634851 0.2305677239625873 -0.9124913884247389 -0.1170364177449987 0.1562919505694858 696 9.608095891517662e-07
0.0575466448512137 1.090554441287144 0.09055444128714396 -0.7510464481602466 0.2284082941168626 -0.9085847932151567 -0.1160416325606906 0.1559929253250553 696 9.689067132756771e-07
0.0565466448512137 1.092565732924414 0.09256573292441361 -0.7665183837067232 0.2262385738926517 -0.904585793468097 -0.1150358351950369 0.1556960755975975 696 9.783237146739628e-07
0.0555466448512137 1.094564823696054 0.09456482369605368 -0.7818296072134039 0.2240585833572338 -0.9005829958339844 -0.1140176287359974 0.15540143387129 696 9.884833399097008e-07
0.0545466448512137 1.096551543499637 0.09655154349963735 -0.7969782623811105 0.2218683469350438 -0.8964949703480727 -0.1129867054885857 0.1551090300657303 696 9.99429019638643e-07
0.0535466448512137 1.098525730198961 0.09852573019896127 -0.8119624982937055 0.219667893435999 -0.8923561339322363 -0.1119427446612012 0.1548188913034571 697 9.915383360503753e-07
0.0525466448512137 1.100487230502971 0.1004872305029711 -0.8267804716497557 0.2174572560701236 -0.8881686154210165 -0.1108854115817716 0.1545310416797488 697 9.97628553140467e-07
0.0515466448512137 1.102435900873721 0.1024359008737215 -0.8414303487385679 0.2152364723615 -0.8838946528594882 -0.1098208397020934 0.1542455020273026 698 9.922349707438169e-07
0.0505466448512137 1.104371608383917 0.1043716083839172 -0.8559103075431496 0.2130055841083396 -0.8795958613250728 -0.1087592909820398 0.1539622897005907 698 9.97537545420837e-07
0.0495466448512137 1.106294231578282 0.1062942315782816 -0.8702185391673646 0.2107646371479382 -0.8751861866795622 -0.1076830451101499 0.1536814183617421 699 9.875784474950536e-07
0.0485466448512137 1.108203661241255 0.1082036612412549 -0.8843532492924371 0.2085136811902331 -0.8707628174552898 -0.1065916931872062 0.1534028977917848 700 9.378415647233977e-07
0.0475466448512137 1.110099801094569 0.1100998010945693 -0.898312658715779 0.206252769429528 -0.8662151446152028 -0.1054848067356563 0.1531267337335465 700 9.496471353255094e-07
0.04654664485121369 1.111982568322656 0.1119825683226556 -0.9120950031189606 0.2039819580849951 -0.8616521116569177 -0.1043619363385429 0.1528529277720158 700 9.685041867808027e-07
0.04554664485121369 1.113851893930794 0.113851893930794 -0.9256985320397867 0.2017013058496774 -0.8569622039044317 -0.1032353153903649 0.1525814772656965 700 9.885989991726109e-07
0.04454664485121369 1.115707722804548 0.115707722804548 -0.9391215060482976 0.1994108730821954 -0.8522423258523997 -0.1021032472858128 0.1523123753545476 701 9.622578174720204e-07
0.04354664485121369 1.117550013480803 0.1175500134808025 -0.9523621926724337 0.1971107209151842 -0.8474036863526263 -0.1009534368478733 0.1520456110410743 701 9.768310009251769e-07
0.04254664485121369 1.119378737319137 0.1193787373191368 -0.9654188589210009 0.1948009099008156 -0.8425073022131833 -0.09978532240076966 0.1517811694200473 701 9.913576224637289e-07
0.04154664485121369 1.121193877248583 0.1211938772485832 -0.9782897620984115 0.1924814986120207 -0.8375107834966595 -0.09859831162881966 0.151519032008471 703 9.690032675028236e-07
0.04054664485121369 1.122995425755533 0.1229954257555328 -0.9909731366022615 0.1901525418079553 -0.8324152750838011 -0.09740544410860721 0.1512591772556587 703 9.794976160762723e-07
0.03954664485121369 1.124783381633576 0.1247833816335757 -1.003467174401864 0.1878140878817515 -0.8272485898353237 -0.09620359822855501 0.15100158134146 704 9.774769069135875e-07
0.03854664485121369 1.126557746180237 0.1265577461802367 -1.015770003253582 0.1854661763944839 -0.8219559353350331 -0.09498055592420435 0.1507462190905687 704 9.816029186205768e-07
0.03754664485121369 1.128318517047683 0.1283185170476833 -1.027879652809976 0.1831088341337215 -0.8165748818241861 -0.0937355588842191 0.1504930654204839 705 9.856546478744424e-07
0.03654664485121369 1.130065681430944 0.130065681430944 -1.039794017968029 0.1807420714001853 -0.8110909317419678 -0.09247354500890209 0.1502420969135761 705 9.896315828060781e-07
0.03554664485121369 1.131799205705478 0.131799205705478 -1.051510804406065 0.1783658762327799 -0.8054760453808687 -0.09120781480904243 0.1499932941692567 705 9.935334720699261e-07
0.03454664485121368 1.133519023647648 0.133519023647648 -1.063027467452583 0.1759802085305015 -0.7997400761088947 -0.08991719886826902 0.149746644425075 705 9.973598529041141e-07
0.03354664485121368 1.135225020416156 0.1352250204161565 -1.074341130068351 0.1735849920330313 -0.793901389707643 -0.08860070300873259 0.1495021450666983 706 9.340783184442105e-07
0.03254664485121368 1.136917013617887 0.136917013617887 -1.085448486466215 0.1711801053776336 -0.7879201145970697 -0.0872692815743836 0.1492598076989759 706 9.374462459131415e-07
0.03154664485121368 1.138594727724676 0.1385947277246755 -1.096345673487244 0.1687653697881315 -0.7817928083189335 -0.08592398160955746 0.1490196635646472 706 9.407414605073684e-07
0.03054664485121368 1.140257764992699 0.1402577649926993 -1.10702812442821 0.1663405358041262 -0.7755148723321468 -0.08454895837927763 0.1487817695776457 706 9.439636065701422e-07
0.02954664485121368 1.141905568751165 0.1419055687511646 -1.117490385460928 0.1639052663489946 -0.7690804201986713 -0.08314709405320088 0.1485462158296532 706 9.471114001496838e-07
0.02854664485121368 1.143537377392754 0.1435373773927537 -1.12772588668551 0.1614591152409807 -0.7624825869819232 -0.08173549979964793 0.148313134826298 706 9.501842471186317e-07
0.02754664485121368 1.145152170593642 0.1451521705936416 -1.137726674315482 0.1590015022618468 -0.7557155978186612 -0.08028935096700027 0.1480827120861992 706 9.531810447243755e-07
0.02654664485121368 1.146748603464863 0.1467486034648631 -1.147483083341438 0.1565316819385942 -0.748758121486969 -0.07881412928463105 0.1478551988976315 706 9.561004066442186e-07
0.02554664485121368 1.14832492788449 0.1483249278844896 -1.156983346323909 0.1540487054383903 -0.7416048880255842 -0.07732113962294096 0.1476309272861253 706 9.589405912565341e-07
0.02454664485121368 1.149878898806371 0.1498788988063713 -1.166213126942156 0.1515513737979564 -0.7342415796179128 -0.07578737257746525 0.1474103275252355 706 9.616994437997772e-07
0.02354664485121367 1.151407663325578 0.1514076633255779 -1.175154966512988 0.1490381803950042 -0.7266480936844484 -0.07423065196969487 0.1471939485072276 706 9.64374319073375e-07
0.02254664485121367 1.152907630102036 0.1529076301020365 -1.183787630404035 0.1465072400087024 -0.7188029126788595 -0.07263620977461706 0.1469824813106515 706 9.669619504550431e-07
0.02154664485121367 1.154374316582089 0.1543743165820894 -1.192085339894622 0.1439562010795047 -0.7106806318939809 -0.07100588920010163 0.1467767863239318 706 9.694583802800043e-07
0.02054664485121367 1.155802171313474 0.1558021713134741 -1.200016873529573 0.1413821367986219 -0.7022885075075053 -0.06933901379394082 0.1465779243128963 706 9.718587983829292e-07
0.01954664485121367 1.157184368516783 0.1571843685167826 -1.207544520260031 0.1387814093360961 -0.6935717323831491 -0.06762917448666887 0.1463871918640979 706 9.741573851459063e-07
0.01854664485121367 1.158512571941313 0.158512571941313 -1.214622864494794 0.1361494997101296 -0.6845192103557259 -0.06587487374191377 0.1462061617091867 706 9.763471468164474e-07
0.01754664485121367 1.159776664873643 0.1597766648736427 -1.22119738034648 0.133480793296519 -0.6750778855924408 -0.06407529832932357 0.1460367285609434 706 9.784196615949495e-07
0.01654664485121367 1.160964442965811 0.160964442965811 -1.227202808568225 0.1307683074595588 -0.665234053686073 -0.06221677055046995 0.1458811613024004 706 9.803648437006337e-07
0.01554664485121367 1.162061266331223 0.1620612663312231 -1.232561284790152 0.128003342783183 -0.6549296972039605 -0.06030869966334503 0.1457421627133932 706 9.821706294686762e-07
0.01544664485121367 1.162165300448714 0.1621653004487142 -1.233058124630084 0.1277235631505554 -0.6538680532657412 -0.06011329757626017 0.1457292927809197 706 9.82343048513119e-07
0.01534664485121367 1.162268233862084 0.1622682338620836 -1.233547481336964 0.1274431402015935 -0.6528118998993657 -0.05991703052166853 0.1457166236182453 706 9.825138698864303e-07
0.01524664485121367 1.162370047112051 0.1623700471120513 -1.234029251795486 0.1271620613359715 -0.651746353438639 -0.05971989071478014 0.1457041587877779 706 9.8268312529674e-07
0.01514664485121367 1.16247072038318 0.1624707203831797 -1.234503331036566 0.1268803137720897 -0.6506712946489842 -0.0595240094295425 0.1456919019132746 706 9.828507983947497e-07
0.01504664485121367 1.162570233519958 0.1625702335199584 -1.234969612291237 0.1265978844349621 -0.6495866021645819 -0.05932830866015355 0.1456798566792846 706 9.830168691142479e-07
0.01494664485121367 1.162668566021996 0.1626685660219964 -1.2354279869628 0.1263147599488947 -0.6485020948438548 -0.05913170076694221 0.1456680268320747 706 9.831813232160731e-07
0.01484664485121367 1.162765697039161 0.1627656970391613 -1.235878344598587 0.1260309266299545 -0.6474180796904044 -0.05893417737159996 0.1456564161805705 706 9.833441385866421e-07
0.01474664485121367 1.162861605366676 0.1628616053666756 -1.236320572861347 0.1257463704782216 -0.6463241013010331 -0.05873572996438247 0.1456450285973161 706 9.835053023940136e-07
0.01464664485121367 1.162956269440162 0.1629562694401621 -1.236754557500248 0.1254610771698181 -0.6452200288879514 -0.05853634990114801 0.1456338680194504 706 9.836647907508602e-07
0.01454664485121367 1.163049667330646 0.1630496673306459 -1.23718018232149 0.1251750320487059 -0.6441057292443151 -0.05833602840031025 0.1456229384497019 706 9.838225914620424e-07
0.01444664485121367 1.16314177673951 0.1631417767395102 -1.237597329158545 0.1248882201182452 -0.6429997404979826 -0.05813475653969868 0.1456122439574023 706 9.839786845049026e-07
0.01434664485121367 1.163232574993407 0.1632325749934074 -1.238005877841994 0.1246006260325078 -0.6418852345191856 -0.05793252525332637 0.1456017886795191 706 9.841330464072351e-07
0.01424664485121368 1.163322039039127 0.1633220390391272 -1.238405706168998 0.1243122340873337 -0.6407601364602524 -0.05772932532805893 0.1455915768217077 706 9.842856641944404e-07
0.01414664485121368 1.163410145438424 0.1634101454384245 -1.238796689872369 0.1240230282111256 -0.6396243024073245 -0.05752514740018335 0.145581612659384 706 9.844365167553755e-07
0.01404664485121368 1.163496870362806 0.1634968703628061 -1.239178702589281 0.1237329919553705 -0.6384880149776107 -0.05731998195187105 0.1455719005388173 706 9.845855794266015e-07
0.01394664485121368 1.163582189588281 0.1635821895882807 -1.239551615829587 0.1234421084848795 -0.6373512249094441 -0.05711381930753218 0.145562444878245 706 9.847328311451137e-07
0.01384664485121368 1.163666078490072 0.1636660784900716 -1.239915298943775 0.1231503605677374 -0.6362033026068653 -0.05690979347733884 0.1455532501690083 706 9.848782598358401e-07
0.01374664485121368 1.163748512037298 0.1637485120372981 -1.240269619090563 0.1228577305649503 -0.6350440922512876 -0.0567048789606171 0.1455443209767114 706 9.850218377993236e-07
0.01364664485121368 1.163829464787626 0.1638294647876262 -1.240614441204132 0.1225642004197829 -0.6338789496679808 -0.0564989255344053 0.1455356619424018 706 9.851635416423924e-07
0.01354664485121368 1.16390891088189 0.1639089108818901 -1.240949627961009 0.1222697516467742 -0.6327179528218423 -0.05629192268194818 0.1455272777837763 706 9.853033552618917e-07
0.01344664485121368 1.163986824038695 0.1639868240386952 -1.241275039746628 0.1219743653204197 -0.6315452364769871 -0.05608385970544666 0.1455191732964086 706 9.854412516201424e-07
0.01334664485121368 1.164063177548996 0.1640631775489962 -1.241590534621563 0.1216780220635105 -0.6303606315365549 -0.05587472572157814 0.1455113533550027 706 9.855772117921784e-07
0.01324664485121368 1.164137944270666 0.1641379442706659 -1.241895968287457 0.1213807020351167 -0.629167888470859 -0.05566450965687045 0.145503822914671 706 9.85711206899025e-07
0.01314664485121368 1.164211096623049 0.1642110966230492 -1.242191194052668 0.1210823849182025 -0.6279805755655115 -0.05545320024292535 0.1454965870122376 706 9.858432176570664e-07
0.01304664485121368 1.16428260658152 0.1642826065815197 -1.242476062797651 0.1207830499068617 -0.6267809030167611 -0.05524078601148336 0.1454896507675678 706 9.859732210212568e-07
0.01294664485121368 1.164352445672035 0.1643524456720353 -1.242750422940113 0.1204826756931591 -0.6255686868678809 -0.05502725528932496 0.1454830193849228 706 9.861011852330481e-07
0.01284664485121368 1.164420584965706 0.1644205849657057 -1.243014120399946 0.1201812404535662 -0.6243493911919484 -0.05481259619300165 0.1454766981543426 706 9.862270948836375e-07
0.01274664485121368 1.164486995073377 0.1644869950733772 -1.243266998563994 0.1198787218349759 -0.6231334427168115 -0.05459860888043926 0.1454706924530549 706 9.863509174870612e-07
0.01264664485121368 1.164551646140248 0.1645516461402481 -1.243508898250691 0.1195750969402824 -0.62190443490281 -0.05438500038481641 0.145465007746911 706 9.864726340053198e-07
0.01254664485121369 1.16461450784052 0.1646145078405203 -1.243739657674599 0.1192703423135122 -0.6206621671043465 -0.05417021353877917 0.1454596495918499 706 9.865922043370546e-07
0.01244664485121369 1.1646755493721 0.1646755493721004 -1.243959112410913 0.1189644339244895 -0.6194171384818182 -0.0539542353538611 0.1454546236353889 706 9.867096138829898e-07
0.01234664485121369 1.164734739451362 0.1647347394513621 -1.244167095359968 0.1186573471530225 -0.6181699972070962 -0.05373705259786886 0.1454499356181433 706 9.868248357678557e-07
0.01224664485121369 1.164792046307988 0.1647920463079882 -1.244363436711845 0.1183490567725927 -0.6169090296029089 -0.05351865178830069 0.1454455913753713 706 9.869378339109225e-07
0.01214664485121369 1.164847437679901 0.164847437679901 -1.244547963911111 0.1180395369335307 -0.6156340162099397 -0.05329901918553181 0.145441596838548 706 9.870485839820955e-07
0.01204664485121369 1.164900880808303 0.1649008808083028 -1.24472050162179 0.1177287611456633 -0.6143638204754204 -0.05307814078575566 0.1454379580369657 706 9.871570555501458e-07
0.01194664485121369 1.164952342432847 0.1649523424328474 -1.244880871692672 0.1174167022604118 -0.6130826593455125 -0.05285600231367017 0.1454346810993592 706 9.872632206258619e-07
0.01184664485121369 1.165001788786959 0.1650017887869586 -1.245028893123022 0.1171033324523262 -0.6117868285674302 -0.05263258921489859 0.1454317722555587 706 9.873670512567576e-07
0.01174664485121369 1.165049185593327 0.1650491855933267 -1.245164382028855 0.116788623200034 -0.6104839802278551 -0.05240877132834844 0.1454292378381651 706 9.874685098631588e-07
0.01164664485121369 1.165094498059602 0.1650944980596023 -1.245287151609847 0.1164725452665884 -0.6091810057924808 -0.05218617817716205 0.1454270842842501 706 9.875675710080077e-07
0.01154664485121369 1.165137690874323 0.1651376908743232 -1.245397012117083 0.1161550686791934 -0.6078626902568686 -0.05196225052269347 0.1454253181370766 706 9.876642021603944e-07
0.01144664485121369 1.165178728203104 0.1651787282031041 -1.245493770821764 0.1158361627082879 -0.6065287748380346 -0.05173697236113909 0.1454239460478399 706 9.877583690045731e-07
0.01134664485121369 1.165217573685125 0.1652175736851254 -1.245577231985066 0.1155157958459695 -0.6052015991661219 -0.05151032736156593 0.1454229747774254 706 9.878500341797954e-07
0.01124664485121369 1.165254190429963 0.1652541904299627 -1.245647196829359 0.1151939357837363 -0.6038589867475416 -0.05128229885627843 0.1454224111981816 706 9.879391713874225e-07
0.01114664485121369 1.165288541014803 0.1652885410148026 -1.245703463510996 0.1148705493895278 -0.6025000303494413 -0.05105286983081217 0.1454222622957041 706 9.880257429728784e-07
0.01104664485121369 1.165320587482092 0.1653205874820916 -1.245745827094951 0.1145456026840438 -0.601141509034909 -0.05082202291353619 0.1454225351706273 706 9.881097158290798e-07
0.0109466448512137 1.165350291337679 0.165350291337679 -1.245774079531558 0.1142190608163206 -0.5997726267002729 -0.05058974036484538 0.1454232370404185 706 9.881910495002942e-07
0.0108466448512137 1.165377613549509 0.1653776135495091 -1.245788009635681 0.1138908880385443 -0.59838659556986 -0.05035600406592249 0.1454243752411708 706 9.882697159859257e-07
0.0107466448512137 1.165402514546936 0.165402514546936 -1.245787403068679 0.1135610476800817 -0.5969972967206857 -0.05012420205141249 0.1454259572293863 706 9.883456650111739e-07
0.0106466448512137 1.165424954220737 0.1654249542207367 -1.245772042323539 0.1132295021207059 -0.5955999920347835 -0.04989097047225742 0.1454279905837448 706 9.884188730428354e-07
0.0105466448512137 1.165444891923906 0.1654448919239055 -1.245741706713639 0.112896212763001 -0.5941846660445477 -0.04965621205054231 0.1454304830068482 706 9.884892875630325e-07
0.0104466448512137 1.165462286473323 0.1654622864733233 -1.245696172365609 0.1125611400039235 -0.5927649604385229 -0.04941990671767948 0.145433442326932 706 9.885568853283544e-07
0.0103466448512137 1.165477096152411 0.1654770961524112 -1.245635212216876 0.1122242432055036 -0.5913368803207617 -0.04918203395464558 0.1454368764995326 706 9.886216117605719e-07
0.0102466448512137 1.165489278714881 0.1654892787148807 -1.245558596018481 0.1118854806646699 -0.5898898307057175 -0.04894257277739757 0.1454407936090986 706 9.886834344348875e-07
0.0101466448512137 1.165498791389712 0.1654987913897121 -1.245466090343861 0.1115448095821799 -0.5884398718530136 -0.0487015017216657 0.1454452018705307 706 9.887423089375224e-07
0.0100466448512137 1.165505590887506 0.1655055908875063 -1.245357458604398 0.1112021860306445 -0.5869784380907046 -0.0484587988270924 0.1454501096306352 706 9.887981952471484e-07
0.009946644851213701 1.165509633408372 0.1655096334083717 -1.245232461072552 0.1108575649216331 -0.5854970017571173 -0.04821651045314004 0.1454555253694717 706 9.888510465598698e-07
0.009846644851213702 1.165510874651527 0.1655108746515275 -1.245090854913599 0.1105108999718498 -0.584016702453801 -0.04797401460567002 0.145461457701573 706 9.889008212884989e-07
0.009746644851213702 1.165509269826819 0.1655092698268192 -1.244932394227011 0.110162143668376 -0.5825190833703688 -0.04772979981510644 0.1454679153770148 706 9.889474736294242e-07
0.009646644851213703 1.16550477366838 0.1655047736683803 -1.244756830098728 0.1098112472329749 -0.5810043483209885 -0.04748384158972071 0.1454749072823058 706 9.889909601855349e-07
0.009546644851213704 1.16549734045068 0.1654973404506797 -1.244563910665677 0.1094581605854604 -0.5794893378013192 -0.04723611484106109 0.1454824424410669 706 9.890312339392921e-07
0.009446644851213704 1.165486924007245 0.1654869240072454 -1.244353381194051 0.1091028323061377 -0.5779524153434886 -0.04698659386295512 0.1454905300144639 706 9.890682472888229e-07
0.009346644851213705 1.165473477752372 0.1654734777523716 -1.2441249841731 0.1087452095973286 -0.5764072188273087 -0.04673525230953757 0.1454991793013526 706 9.891019551240365e-07
0.009246644851213705 1.165456954706162 0.1654569547061624 -1.243878459426325 0.1083852382440001 -0.574850777250336 -0.04648206317224998 0.1455083997380892 706 9.891323047920112e-07
0.009146644851213706 1.165437307523308 0.1654373075233078 -1.243613544242288 0.108022862573528 -0.5736739617806668 -0.04623050884725194 0.1455182008979526 706 9.89159248542604e-07
0.009046644851213707 1.165414488526026 0.1654144885260262 -1.243329973527426 0.1076580254146306 -0.5736047625679491 -0.04597713458109338 0.1455285924901191 706 9.891827373269307e-07
0.008946644851213707 1.165388449741678 0.1653884497416782 -1.243027479983668 0.1072906680555252 -0.5735393068158295 -0.04572180717522822 0.1455395843581194 706 9.892027182342121e-07
0.008846644851213708 1.165359142945597 0.1653591429455972 -1.242705794313909 0.1069207302013694 -0.5734776765679994 -0.04546449625899619 0.145551186477699 706 9.892191416204674e-07
0.008746644851213708 1.16532651970977 0.1653265197097695 -1.242364645458853 0.106548149931067 -0.5734199556842331 -0.04520517065261052 0.1455634089539934 706 9.892319505845117e-07
0.008646644851213709 1.165290531458061 0.1652905314580608 -1.242003760869149 0.1061728636535353 -0.5733662298687892 -0.04494379833598539 0.1455762620179159 706 9.892411031619971e-07
0.00854664485121371 1.165251129528782 0.1652511295287824 -1.241622866817259 0.1057948060635533 -0.573316586695906 -0.04468055757144161 0.1455897560216399 706 9.892465312281569e-07
0.00844664485121371 1.165208265245491 0.1652082652454909 -1.241221688754112 0.1054139100973329 -0.5732711156317435 -0.04441866695041553 0.1456039014330449 706 9.892481896344037e-07
0.008346644851213711 1.165161889997022 0.1651618899970217 -1.240799951716171 0.1050301068879866 -0.5732299080520297 -0.0441546060518327 0.1456187088289738 706 9.89246020459817e-07
0.008246644851213712 1.165111955327898 0.1651119553278984 -1.240357380789412 0.1046433257210955 -0.5731930572545444 -0.04388833860963953 0.145634188887127 706 9.892399688221585e-07
0.008146644851213712 1.1650584130404 0.1650584130403996 -1.239893701637461 0.1042534939906224 -0.573164702455619 -0.04361982731827733 0.1456503523763981 706 9.892299773045587e-07
0.008046644851213713 1.165001215309736 0.1650012153097358 -1.239408641102196 0.1038605371554602 -0.5731411217192276 -0.04334903378955762 0.145667210145422 706 9.892159876459482e-07
0.007946644851213713 1.164940314813988 0.1649403148139883 -1.238901927886213 0.1034643786969548 -0.5731221023177778 -0.04307591850717992 0.1456847731090787 706 9.891979504829449e-07
0.007846644851213714 1.164875664880676 0.1648756648806757 -1.238373293327848 0.1030649400778077 -0.5731077427988118 -0.0428032957066162 0.1457030522326544 706 9.891758019983914e-07
0.007746644851213715 1.164807219652074 0.164807219652074 -1.237822472280954 0.1026621407028303 -0.573098143519565 -0.04252913217208752 0.1457220585133211 706 9.891494839216674e-07
0.007646644851213715 1.164734934271703 0.1647349342717035 -1.237249204113302 0.1022558978821066 -0.5730934066012868 -0.04225249601239351 0.1457418029585435 706 9.891189469758833e-07
0.007546644851213716 1.16465876509474 0.1646587650947398 -1.236653233839492 0.1018461267972171 -0.5730936358675088 -0.04197334202238446 0.1457622965609658 706 9.890841240715129e-07
0.007446644851213716 1.16457866992548 0.1645786699254796 -1.236034313406475 0.101432740471289 -0.5730989367635921 -0.04169162357603001 0.1457835502692616 706 9.890449679858728e-07
0.007346644851213717 1.164494608285454 0.1644946082854537 -1.235392203152455 0.1010156497437699 -0.5731094162544702 -0.04140737788401449 0.1458055749543552 706 9.890014161110522e-07
0.007246644851213718 1.164406541716285 0.1644065417162848 -1.234726673462968 0.1005947632509743 -0.5731251826970191 -0.04112418078726408 0.1458283813703286 706 9.889534213194853e-07
0.007146644851213718 1.164314434121987 0.1643144341219869 -1.234037506651423 0.1001699874136322 -0.5731463456829319 -0.04083824283863095 0.1458519801092265 706 9.889009225207064e-07
0.007046644851213719 1.164218252156104 0.1642182521561044 -1.233324499095538 0.09974122643288366 -0.5731730158473103 -0.04054951025412572 0.1458763815488452 706 9.888438712446542e-07
0.006946644851213719 1.164117965659884 0.1641179656598839 -1.232587463665831 0.09930838229640393 -0.573205304637427 -0.04025792743310504 0.1459015957924518 706 9.887822189598959e-07
0.00684664485121372 1.164013548158618 0.1640135481586182 -1.231826232487889 0.09887135479663955 -0.5732433240352227 -0.03996343686935432 0.1459276325992093 706 9.887159148297423e-07
0.006746644851213721 1.163904977424392 0.1639049774243917 -1.231040660086617 0.09843004156347711 -0.5732871862260503 -0.03966897062517295 0.1459545013038872 706 9.886449130872344e-07
0.006646644851213721 1.163792236114745 0.1637922361147452 -1.23023062696831 0.09798433811406861 -0.5733370032049542 -0.03937231461677453 0.1459822107242081 706 9.885691747056874e-07
0.006546644851213722 1.163675312498271 0.1636753124982713 -1.229396043705246 0.09753413792301548 -0.5733928863103324 -0.03907253483338746 0.1460107690539069 706 9.884886611258278e-07
0.006446644851213722 1.163554201279918 0.163554201279918 -1.228536855598032 0.09707933251667825 -0.5734549456731312 -0.03876956415413645 0.1460401837392605 706 9.884033408744374e-07
0.006346644851213723 1.163428904540861 0.163428904540861 -1.227653048003267 0.09661981159604684 -0.5735232895677158 -0.03846333297024367 0.1460704613364658 706 9.883131912950587e-07
0.006246644851213724 1.163299432810247 0.1632994328102466 -1.226744652428681 0.09615546319340458 -0.5735980236481949 -0.03815756413403497 0.1461016073467976 706 9.882181924679392e-07
0.006146644851213724 1.163165806289013 0.1631658062890127 -1.225811753515202 0.09568617386896391 -0.5736792500511695 -0.03784846868266666 0.1461336260259437 706 9.881183281992047e-07
0.006046644851213725 1.163028056249439 0.1630280562494388 -1.22485449704591 0.09521182895478668 -0.5737670663425332 -0.03753585267624788 0.1461665201632815 706 9.880136026293227e-07
0.005946644851213725 1.162886226638168 0.1628862266381679 -1.223873099146266 0.09473231285465529 -0.573861564281987 -0.03721963391852648 0.1462002908261056 706 9.879040227017574e-07
0.005846644851213726 1.162740375915316 0.1627403759153161 -1.222867856869105 0.09424750941018477 -0.5739628283741851 -0.03690195798810184 0.1462349370629081 706 9.877896211322695e-07
0.005746644851213727 1.162590579168147 0.1625905791681472 -1.22183916039283 0.09375730234542592 -0.5740709341697404 -0.03658221354015596 0.1462704555587324 706 9.876704247176999e-07
0.005646644851213727 1.162436930544785 0.1624369305447846 -1.220787507103031 0.09326157580456529 -0.5741859462725067 -0.03625856064137545 0.1463068402343097 706 9.875465024392192e-07
0.005546644851213728 1.162279546061873 0.1622795460618729 -1.219713517878157 0.09276021500018791 -0.5743079160013431 -0.03593090118173109 0.1463440817791148 706 9.874179268408016e-07
0.005446644851213728 1.162118566850302 0.1621185668503018 -1.218617955960747 0.0922531069930336 -0.5744368786446382 -0.03560117864694483 0.1463821671065672 706 9.872848001752221e-07
0.005346644851213729 1.161954162915446 0.1619541629154455 -1.217501748869416 0.09174014162840366 -0.5745728502338588 -0.03526918241812908 0.1464210787172829 706 9.87147261658252e-07
0.00524664485121373 1.16178653750339 0.1617865375033902 -1.216366013896408 0.09122121265953483 -0.574715823747777 -0.03493281579987912 0.1464607939534569 706 9.870054755502509e-07
0.00514664485121373 1.161615932182965 0.1616159321829647 -1.215212087844889 0.09069621909459152 -0.5748657646411864 -0.0345919602332071 0.1465012841239949 706 9.868596478872607e-07
0.005046644851213731 1.161442634561457 0.1614426345614568 -1.214041572072309 0.09016506706971328 -0.5750226042374912 -0.03424963731588682 0.1465425131940909 706 9.867104898578776e-07
0.004946644851213731 1.161266978358822 0.1612669783588216 -1.212856333758126 0.08962767083013004 -0.5751862385798772 -0.03390344250109501 0.1465844376515802 706 9.865574812528309e-07
0.004846644851213732 1.161089361474293 0.1610893614742932 -1.211658610837183 0.08908395639151258 -0.5753565137486075 -0.03355231960438648 0.146627003519104 706 9.86401375916885e-07
0.004746644851213733 1.160910249170273 0.160910249170273 -1.210451031695659 0.08853386350219096 -0.5755332217806831 -0.03319747238111073 0.1466701456559343 706 9.86242622163438e-07
0.004646644851213733 1.160730186926321 0.1607301869263211 -1.209236690744429 0.0879773492016213 -0.5757160891344282 -0.03284012508146668 0.1467137855007385 706 9.860817473008957e-07
0.004546644851213734 1.160549813828009 0.1605498138280095 -1.208019227481507 0.08741439187569447 -0.5759047642792586 -0.03247733753808824 0.1467578286694162 706 9.859193927810334e-07
0.004446644851213735 1.160369878476717 0.1603698784767171 -1.206802920530278 0.08684499615674067 -0.5760988028616501 -0.03210951651735491 0.1468021620838861 706 9.857563100517747e-07
0.004346644851213735 1.160191257963709 0.1601912579637088 -1.205592799874685 0.08626919885878263 -0.5762976499216994 -0.03173944088548424 0.1468466505286829 706 9.855934169687628e-07
0.004246644851213736 1.160014980585409 0.1600149805854092 -1.204394781297582 0.08568707618682501 -0.57650061850606 -0.03136332156930494 0.1468911325065641 706 9.8543176899774e-07
0.004146644851213736 1.159842253147522 0.1598422531475217 -1.203215828028889 0.08509875252095993 -0.5767068638588903 -0.030981715349089 0.1469354152314769 706 9.852726561690108e-07
0.004046644851213737 1.159674493925113 0.1596744939251127 -1.202064145891537 0.08450441115622145 -0.5769153521618636 -0.03059702029656849 0.1469792685549326 706 9.851175823683352e-07
0.003946644851213738 1.159513372629596 0.1595133726295956 -1.200949419883593 0.08390430748339016 -0.5771248225224276 -0.03020556271986925 0.1470224175670437 706 9.849683489575924e-07
0.003846644851213738 1.159360859102819 0.1593608591028188 -1.199883102272434 0.08329878523248514 -0.5773337405564917 -0.02980891040942123 0.1470645335420719 706 9.848271116344081e-07
0.003746644851213739 1.159219282941894 0.1592192829418941 -1.198878765060787 0.08268829658066869 -0.5775402414504489 -0.02940730498250373 0.1471052228046968 706 9.846964258469596e-07
0.003646644851213739 1.159091406895489 0.1590914068954885 -1.197952533331503 0.08207342716521805 -0.5777420597808343 -0.02899807090867274 0.1471440129696145 706 9.845793550037471e-07
0.00354664485121374 1.158980517717276 0.1589805177172763 -1.197123620782707 0.08145492736169585 -0.5779364425670032 -0.02858454421913952 0.1471803358428651 706 9.844795549936747e-07
0.003446644851213741 1.158890539290445 0.1588905392904452 -1.196414995130695 0.08083375161778744 -0.5781200409624865 -0.02816322554915985 0.1472135060536605 706 9.844014326872384e-07
0.003346644851213741 1.158826174353309 0.1588261743533088 -1.19585420953667 0.08021110821730805 -0.5782887745562197 -0.02773520998064543 0.1472426941898124 706 9.843502728191553e-07
0.003246644851213742 1.158793083206421 0.1587930832064215 -1.195474447560562 0.07958852264748979 -0.5784376603193235 -0.02730026945225918 0.1472668928092542 706 9.843324710421695e-07
0.003146644851213742 1.1587981105706 0.1587981105705998 -1.195315844391837 0.07896791884276262 -0.5785605956064113 -0.02685671891018769 0.1472848731541521 706 9.843557752083085e-07
0.003046644851213743 1.158849575577697 0.1588495755776973 -1.195427167644204 0.07835172410423759 -0.5786500810384703 -0.02640636036892379 0.1472951296461119 706 9.844296042393087e-07
0.002946644851213744 1.158957648087886 0.1589576480878865 -1.19586798612498 0.07774300672849051 -0.5786968613346326 -0.02594588533242877 0.14729580765195 706 9.845653131965389e-07
0.002846644851213744 1.159134821797017 0.1591348217970174 -1.196711375490652 0.07714565101054248 -0.5786894745357952 -0.02547801449639217 0.1472846123327031 706 9.84776969380615e-07
0.002746644851213745 1.159396561644158 0.1593965616441577 -1.198047594474004 0.07656459957393916 -0.5786136360649082 -0.02499883321077526 0.1472586837058845 706 9.850818706407512e-07
0.002646644851213745 1.159762124793718 0.159762124793718 -1.199988692571262 0.07600616518259644 -0.5784514594544549 -0.02451103407174143 0.1472144375757705 706 9.855013362079151e-07
0.002546644851213746 1.160255660356338 0.1602556603563379 -1.202674607893168 0.07547845477931807 -0.578180414718012 -0.02401094906130168 0.1471473519209496 706 9.860617715002086e-07
0.002446644851213747 1.160907664445086 0.1609076644450855 -1.206281106136457 0.07499194095298418 -0.5777719536543728 -0.02350052132883835 0.1470516833652244 706 9.867959913578174e-07
0.002346644851213747 1.161756909401438 0.1617569094014379 -1.211030091523102 0.07456023658578882 -0.5771896923125007 -0.02297699370606401 0.1469200900084853 706 9.87744825848392e-07
0.002246644851213748 1.162852986136536 0.1628529861365355 -1.217202823240343 0.07420114457035068 -0.5763870236359877 -0.02244118000770918 0.1467431325559098 706 9.88959025394122e-07
0.002146644851213748 1.164259597181258 0.1642595971812584 -1.225156370589447 0.07393806900375373 -0.5753040374591355 -0.02189171115685411 0.1465086253068361 706 9.905013791360891e-07
0.002046644851213749 1.166058661265186 0.1660586612651855 -1.235342879685681 0.07380187136041061 -0.5738637021085046 -0.02132847753585882 0.1462010867545645 706 9.924458691525242e-07
0.00194664485121375 1.168355002733192 0.1683550027331917 -1.248329093664125 0.07383318739103044 -0.5719675404928631 -0.02075189421160199 0.1458027791348608 706 9.948879454673068e-07
0.00184664485121375 1.171280681580038 0.1712806815800376 -1.264808817605011 0.0740850128213877 -0.569491719852676 -0.02016225380011709 0.1452864880400547 706 9.979297228499896e-07
0.001746644851213751 1.174996304689168 0.1749963046891676 -1.285590868478503 0.07462476829230473 -0.5662861024169794 -0.01956244191953698 0.1446212391379421 707 9.355434628478552e-07
0.001646644851213751 1.179683630922305 0.1796836309223049 -1.311529015480985 0.07553386796145967 -0.5621816538612786 -0.01895653903306218 0.1437717812923579 707 9.401658924672508e-07
0.001546644851213752 1.185519991411015 0.1855199914110146 -1.343345082190799 0.07690096527107167 -0.5570151212253784 -0.01835144142408475 0.1427034527172819 707 9.494615082078203e-07
0.001446644851213753 1.192625782015997 0.1926257820159973 -1.38131564943634 0.07880416257356948 -0.5506790114042879 -0.01814856251894392 0.1413923044455795 707 9.621611672866803e-07
0.001346644851213753 1.200992768950682 0.2009927689506823 -1.424904052441677 0.0812820702042775 -0.5432217078826623 -0.01802013127237369 0.1398390612759698 707 9.78520564267379e-07
0.001246644851213754 1.210434876075802 0.2104348760758021 -1.472599259031243 0.08430679415523244 -0.5348051606660923 -0.01782527916744631 0.1380788773723089 708 9.988241410189937e-07
0.001146644851213754 1.220615017011938 0.2206150170119376 -1.522219715155604 0.08778162128669365 -0.5257442052670428 -0.01757113462808413 0.136176389366607 709 9.671906516927936e-07
0.001046644851213755 1.231145314558144 0.2311453145581444 -1.571561277951739 0.09157058722644232 -0.5164053739205215 -0.01727250313628818 0.1342063950936238 709 9.720983200218539e-07
0.0009466448512137557 1.241690424483006 0.241690424483006 -1.618940580085335 0.09553861482312556 -0.5071018200089871 -0.01694987673627037 0.1322337457236618 709 9.761840276622415e-07
0.0008466448512137563 1.252016391646831 0.2520163916468305 -1.66336367896021 0.09957733690330223 -0.4980784566536666 -0.01661873441994516 0.1303037384496031 709 9.794144849326493e-07
0.0007466448512137569 1.26198720687645 0.2619872068764502 -1.704410324476762 0.1036113855940715 -0.4894363056442897 -0.01628644933683766 0.1284426951366912 709 9.818381834943945e-07
0.0006466448512137575 1.271538887685352 0.2715388876853522 -1.742033398590184 0.1075934182094294 -0.4812158236180545 -0.01596566435178751 0.1266629578609168 709 9.835466342813602e-07
0.0005466448512137581 1.280652866270206 0.2806528662702057 -1.776389446453483 0.1114961930974038 -0.4734285117491975 -0.0156534310393703 0.1249680498649185 709 9.846385611349343e-07
0.0004466448512137587 1.289336320861505 0.2893363208615054 -1.807727427783584 0.1153056404259864 -0.4660625096591762 -0.01535680377060953 0.1233564987033742 710 9.852021631006078e-07
0.0003466448512137593 1.297609630670397 0.2976096306703966 -1.836325164804079 0.1190158780382069 -0.4590943896660276 -0.01507303298808958 0.1218242767691509 710 9.853248593301965e-07
0.0002466448512137599 1.305498989116518 0.3054989891165176 -1.86245649870197 0.1226259266983656 -0.4525152053330737 -0.01480190368850617 0.1203662381847176 710 9.85073425026586e-07
0.0001466448512137605 1.313032293317556 0.3130322933175564 -1.886376163975404 0.1261376420575672 -0.4462834334346849 -0.01454642581430325 0.1189769175805002 710 9.845107915220911e-07
4.664485121376113e-05 1.320236966089112 0.3202369660891125 -1.908314116865635 0.1295544373639455 -0.4403620718084451 -0.01430123066204115 0.1176509524129896 710 9.836826072281152e-07
-5.335514878623826e-05 1.32713889155932 0.3271388915593196 -1.928474699016214 0.1328805114254183 -0.4347251434525938 -0.01406803540447514 0.1163832884183288 710 9.82630009254691e-07
-0.0001533551487862377 1.333761961995855 0.3337619619958549 -1.947038032785466 0.1361203841088401 -0.4293488784531217 -0.01384710147424129 0.1151692661951646 710 9.813870381656473e-07
-0.000253355148786237 1.340127957554025 0.3401279575540253 -1.964162336618028 0.1392786227157607 -0.4242117611337496 -0.01363457752780106 0.1140046431659579 710 9.799819742739182e-07
-0.0003533551487862364 1.346256598061311 0.3462565980613115 -1.979986481159969 0.1423596848923311 -0.419294428527375 -0.01343082547040012 0.1128855822660594 710 9.784384606051269e-07
-0.0004533551487862358 1.352165677524736 0.3521656775247362 -1.99463246403644 0.1453678327275557 -0.4145795017269059 -0.01323822816191206 0.1118086247417131 710 9.767763303728381e-07
-0.0005533551487862352 1.357871232262532 0.3578712322625324 -2.00820766487233 0.1483070901601485 -0.4100513941634072 -0.01305234327538035 0.110770656593334 710 9.878360348625914e-07
-0.0006533551487862346 1.363387716281275 0.3633877162812753 -2.020806835184384 0.1511812265026447 -0.4057021838911548 -0.01287278006940983 0.1097688737717051 711 9.731603223744823e-07
-0.000753355148786234 1.368728170621146 0.3687281706211463 -2.032513824937788 0.1539937554870692 -0.4015226122699764 -0.01270092977107443 0.1088007486855493 711 9.712334287924436e-07
-0.0008533551487862334 1.373904379524692 0.3739043795246924 -2.043403061632563 0.1567479431643864 -0.3974910440305082 -0.01253905807078783 0.1078639993829119 711 9.692409916482113e-07
-0.0009533551487862328 1.378927012260468 0.3789270122604675 -2.053540817776109 0.1594468207361481 -0.3935973574531038 -0.0124660048261845 0.1069565616179517 711 9.671922490062903e-07
-0.001053355148786232 1.383805748990724 0.3838057489907238 -2.062986288093188 0.1620931996653133 -0.3898324012472654 -0.01239671499084219 0.1060765640934265 711 9.650948937633309e-07
-0.001153355148786232 1.388549392185528 0.3885493921855281 -2.071792508507895 0.1646896876300185 -0.3861878818378409 -0.01233089120247115 0.1052223065748465 711 9.629555751890201e-07
-0.001253355148786231 1.393165964558519 0.3931659645585186 -2.080007139689605 0.1672387043810604 -0.382656264860751 -0.0122682692305788 0.1043922406736188 711 9.607800949578543e-07
-0.00135335514878623 1.39766279496358 0.3976627949635803 -2.087673136462926 0.1697424969843662 -0.3792306892023266 -0.01220861326834697 0.1035849530096531 711 9.585735088687052e-07
-0.00145335514878623 1.402046593656974 0.4020465936569737 -2.094829321020374 0.1722031541676826 -0.375904892016294 -0.01215171202316046 0.1027991504724501 711 9.563402426570006e-07
-0.001553355148786229 1.406323518245263 0.4063235182452634 -2.101510875056892 0.1746226196412923 -0.3726731432839088 -0.01209737545077152 0.1020336473176429 711 9.540841667081757e-07
-0.001653355148786229 1.410499231517146 0.4104992315171461 -2.107749763498282 0.1770027043548215 -0.3695301886381736 -0.01204565734105322 0.1012873538609971 711 9.518087224616798e-07
-0.001753355148786228 1.414578952223512 0.4145789522235119 -2.113575100414975 0.1793450977073301 -0.3664711993303718 -0.01199633976049456 0.1005592665589143 711 9.495169019202098e-07
-0.001853355148786227 1.418567499738667 0.4185674997386668 -2.119013465964802 0.1816513777593549 -0.3634917283652723 -0.01194911738980585 0.0998484592908423 711 9.476709229756766e-07
-0.001953355148786227 1.42246933341372 0.4224693334137204 -2.124089181751214 0.1839230205121677 -0.3605876719653002 -0.01190386102842414 0.0991540756833568 711 9.575426300801289e-07
-0.002053355148786226 1.426288587323414 0.4262885873234137 -2.128824550773093 0.1861614083267019 -0.3577552356423189 -0.01186045264563886 0.09847532233753077 711 9.674329656280174e-07
-0.002153355148786226 1.430029101010986 0.4300291010109858 -2.133240067139359 0.1883678375561038 -0.3549909042585727 -0.01181878413356329 0.09781146284041684 711 9.773444387989666e-07
-0.002253355148786225 1.433694446612417 0.4336944466124171 -2.137354599191361 0.190543525422213 -0.3522979330043401 -0.01177875623321275 0.09716181248473915 711 9.869319190304556e-07
-0.002353355148786224 1.437287953657837 0.4372879536578373 -2.141185553968079 0.1926896164583718 -0.349668353358695 -0.01174027758065545 0.09652573344627152 711 9.969207406008017e-07
-0.002453355148786224 1.44081272987605 0.4408127298760498 -2.144749015698022 0.1948071879682099 -0.3470974209430053 -0.01170326391582669 0.09590263073670191 712 9.332067508805651e-07
-0.002553355148786223 1.444271680528135 0.4442716805281355 -2.14805987209831 0.1968972552039028 -0.3445825207082346 -0.01166763736634206 0.09529194844751482 712 9.308583694172027e-07
-0.002653355148786223 1.447667526560028 0.4476675265600278 -2.151131930427496 0.198960776343054 -0.3421212089933832 -0.01163332579414666 0.09469316622800836 712 9.285101450008618e-07
-0.002753355148786222 1.451002818974491 0.4510028189744915 -2.153978011251453 0.2009986564233658 -0.3397111997946831 -0.01160026227689602 0.09410579649290354 712 9.26162317576416e-07
-0.002853355148786221 1.454279953248388 0.4542799532483879 -2.156610039330652 0.2030117513932738 -0.33735035110567 -0.01156838460510103 0.09352938162759138 712 9.238157267725189e-07
-0.002953355148786221 1.457501181718395 0.4575011817183949 -2.159039121838937 0.2050008716198193 -0.335036653176885 -0.01153763485431413 0.09296349158678957 712 9.214711727025749e-07
-0.00305335514878622 1.460668624849845 0.4606686248498446 -2.161275618812867 0.2069667851204902 -0.3327682178604107 -0.01150824010049062 0.09240772171118194 712 9.191293555545314e-07
-0.00315335514878622 1.463784281420706 0.4637842814207065 -2.163329206313 0.2089102205165526 -0.3305432689989846 -0.01147988091414919 0.09186169075526704 712 9.167908988050385e-07
-0.003253355148786219 1.466850037742527 0.4668500377425266 -2.165208933170848 0.2108318697353166 -0.328360133740566 -0.0114524920585113 0.09132503910260113 712 9.144563841046719e-07
-0.003353355148786218 1.469867676024704 0.4698676760247038 -2.166923272077043 0.2127323904858539 -0.3262172346745383 -0.01142602923101422 0.09079742714764759 712 9.12126319278683e-07
-0.003453355148786218 1.472838881975211 0.4728388819752107 -2.168480165665766 0.2146124085300623 -0.3241130826988767 -0.0114004508820727 0.09027853382605099 712 9.098011672279716e-07
-0.003553355148786217 1.475765251719413 0.4757652517194129 -2.16988706816471 0.2164725197686556 -0.3220462705389122 -0.0113757179936016 0.08976805527739695 712 9.074813506256551e-07
-0.003653355148786216 1.478648298108741 0.4786482981087405 -2.17115098310662 0.2183132921595848 -0.3200154668480829 -0.01135179387936951 0.08926570362645975 712 9.051672406099755e-07
-0.003753355148786216 1.481489456482394 0.4814894564823937 -2.172278497535555 0.220135267484551 -0.3180194108294958 -0.01132864400465216 0.08877120587061832 712 9.088123713577641e-07
-0.003853355148786215 1.484290089937826 0.4842900899378264 -2.173275813087064 0.221938962977648 -0.316056907324413 -0.01130623582298848 0.08828430286257595 712 9.152522488969736e-07
-0.003953355148786215 1.487051494159277 0.4870514941592774 -2.174148774274915 0.2237248728287073 -0.3141268223201265 -0.01128453862812892 0.08780474837878656 712 9.216978976331419e-07
-0.004053355148786214 1.489774901848005 0.4897749018480049 -2.174902894276868 0.2254934695726454 -0.3122280788351703 -0.01126352341951027 0.08733230826508716 712 9.281500068286862e-07
-0.004153355148786213 1.492461486792944 0.4924614867929442 -2.175543378477178 0.227245205374957 -0.3103596531446343 -0.01124316277979905 0.08686675965200069 712 9.346092723808629e-07
-0.004253355148786213 1.495112367616214 0.4951123676162141 -2.176075145993373 0.2289805132224728 -0.3085205713125316 -0.01122343076322754 0.08640789023301312 712 9.410763384475118e-07
-0.004353355148786212 1.497728611224136 0.4977286112241361 -2.17650284938858 0.2306998080276117 -0.3067099060018241 -0.01120430279359886 0.08595549759986103 712 9.475517497929703e-07
-0.004453355148786212 1.500311235991118 0.5003112359911184 -2.176830892747851 0.2324034876535256 -0.3049267735359344 -0.01118575557097366 0.08550938862951495 712 9.540361723918163e-07
-0.004553355148786211 1.502861214700851 0.5028612147008513 -2.177063448276928 0.2340919338668385 -0.3031703311883788 -0.01116776698616529 0.08506937891810742 712 9.60530143200244e-07
-0.00465335514878621 1.505379477266688 0.505379477266688 -2.177204471564457 0.23576551322401 -0.301439774679655 -0.01115031604227167 0.08463529225755904 712 9.670342484594194e-07
-0.00475335514878621 1.507866913250847 0.5078669132508467 -2.177257715633306 0.2374245778968085 -0.2997343358626779 -0.01113338278255995 0.08420696015109003 712 9.735490179518718e-07
-0.004853355148786209 1.510324374200035 0.5103243742000345 -2.177226743893199 0.2390694664418364 -0.2980532805800151 -0.01111694822409524 0.08378422136420174 712 9.800749622064856e-07
-0.004953355148786209 1.512752675813362 0.5127526758133623 -2.177114942095028 0.2407005045186122 -0.2963986522456718 -0.01110099429657337 0.08336692150805093 712 9.866125868526498e-07
-0.005053355148786208 1.515152599956811 0.5151525999568112 -2.176925529376734 0.2423180055602833 -0.2947683496439497 -0.01108550378587449 0.08295491265245043 712 9.931624024158128e-07
-0.005153355148786207 1.517524896537142 0.5175248965371422 -2.176661568481454 0.2439222714006842 -0.2931603011927302 -0.01107046028190667 0.08254805296599835 712 9.99724859574171e-07
-0.005253355148786207 1.519870285255374 0.5198702852553736 -2.176325975253716 0.245513592864388 -0.2915738942058991 -0.01105584813014836 0.0821462063794501 713 8.763984704351037e-07
-0.005353355148786206 1.522189457190883 0.5221894571908832 -2.175921527245477 0.2470922502999288 -0.2900085412110279 -0.01104165238798191 0.08174924228169156 713 8.86235331223335e-07
-0.005453355148786206 1.524483076404206 0.5244830764042057 -2.175450872192301 0.2486585141277035 -0.2884636785068027 -0.01102785878119322 0.08135703521233631 713 8.961238842581283e-07
-0.005553355148786205 1.526751781269435 0.5267517812694347 -2.174916535241878 0.2502126452906053 -0.2869387649588258 -0.01101445366754799 0.08096946460605041 713 9.060649384724956e-07
-0.005653355148786204 1.528996185842036 0.5289961858420364 -2.174320926155535 0.2517548957242579 -0.285433280770487 -0.01100142400000397 0.08058641453040916 713 9.160593374942443e-07
-0.005753355148786204 1.531216881090336 0.5312168810903359 -2.173666345821549 0.2532855087802693 -0.2839467263757406 -0.01098878757275437 0.0802077734498451 713 9.261079246634978e-07
-0.005853355148786203 1.533414436056859 0.5334144360568587 -2.172954992354846 0.2548047196273842 -0.2824786213965963 -0.0109765632669227 0.07983343400313445 713 9.362115405607093e-07
-0.005953355148786203 1.535589398946947 0.5355893989469467 -2.172188966785204 0.2563127556290665 -0.2810285036671031 -0.01096467293337878 0.0794632927948835 713 9.463710223363073e-07
-0.006453355148786203 1.546143184420623 0.546143184420623 -2.167606137951307 0.2636927674494838 -0.2740327122121133 -0.01090986384269789 0.07767219543980092 713 9.980360425585211e-07
-0.006953355148786203 1.556204042094831 0.5562040420948307 -2.161924221217835 0.2708235935992449 -0.2674262966822586 -0.01086194072583783 0.07597251412654818 720 9.936873101041069e-07
-0.007453355148786204 1.56582219741893 0.5658221974189301 -2.155322999621743 0.2777266823285791 -0.261167385136127 -0.01081991009816069 0.07435480224074577 723 9.857762179139e-07
-0.007953355148786204 1.575040389706407 0.5750403897064071 -2.147949666065796 0.2844205675228069 -0.2552205582661415 -0.01078294956025145 0.07281103308459609 725 9.836072138288406e-07
-0.008453355148786205 1.583895309347737 0.5838953093477366 -2.139925819519311 0.2909213932314401 -0.2495555817843122 -0.01075037202070591 0.07133432571516495 726 9.990327818132424e-07
-0.008953355148786205 1.592418703307799 0.592418703307799 -2.131352721412983 0.2972433232344949 -0.2441464364421441 -0.01072159872706277 0.06991873433113513 728 9.80784749997887e-07
-0.009453355148786206 1.600638237065813 0.600638237065813 -2.122315300839696 0.3033988648531925 -0.2389705654996485 -0.01069613863042466 0.06855908426112542 729 9.92824068391146e-07
-0.009953355148786206 1.608578175001422 0.6085781750014223 -2.112885245568245 0.3093991279026181 -0.2340136784924315 -0.01067389357452648 0.06725084264949151 731 9.877684894745117e-07
-0.01045335514878621 1.616259923497875 0.6162599234978754 -2.10312341516865 0.3152540339380503 -0.2292565056949755 -0.01065438312237222 0.06599001534956986 732 9.85907807300504e-07
-0.01095335514878621 1.623702468888003 0.6237024688880028 -2.093081744737716 0.3209724869467528 -0.2246796396780692 -0.01063717775479108 0.06477306386990005 733 9.807389883432992e-07
-0.01145335514878621 1.630922733898466 0.6309227338984658 -2.082804761168199 0.3265625138048444 -0.2202696136516148 -0.01062200274796141 0.06359683784689228 734 9.725180975465767e-07
-0.01195335514878621 1.637935870240468 0.6379358702404676 -2.072330801422132 0.3320313807826591 -0.2160144202449448 -0.01060861837132681 0.06245851966963663 735 9.61539427453544e-07
-0.01245335514878621 1.644755500694707 0.6447555006947072 -2.061692999316669 0.3373856909077043 -0.2119033070667808 -0.01059681460458776 0.06135557870767202 735 9.875445401688271e-07
-0.01295335514878621 1.651393920739235 0.6513939207392352 -2.050920090459606 0.3426314658275495 -0.2079266070587621 -0.01058640679571924 0.06028573322349103 736 9.72161894977208e-07
-0.01345335514878621 1.65786226798024 0.6578622679802395 -2.040037074219725 0.3477742152571995 -0.2040755964633726 -0.01057723206002767 0.05924691839698584 736 9.964825965230133e-07
-0.01395335514878621 1.664170664765562 0.6641706647655623 -2.02906576009346 0.3528189959244889 -0.2003423756744939 -0.01056914628713019 0.05823725943337362 737 9.770641154037394e-07
-0.01445335514878621 1.670328339711498 0.6703283397114981 -2.018025223113137 0.3577704622643712 -0.1967197680661834 -0.01056202162285237 0.05725504866830675 737 9.996318217408684e-07
-0.01495335514878621 1.676343731075545 0.6763437310755449 -2.006932183884444 0.3626329098712441 -0.1932012342057066 -0.01055574435336887 0.05629872610823627 738 9.766240827935634e-07
-0.01545335514878621 1.682224575760668 0.682224575760668 -1.995801328700023 0.36741031323788 -0.1897807982388437 -0.01055090949887541 0.05536686269009705 738 9.97404091689378e-07
-0.01595335514878621 1.687977985794335 0.6879779857943349 -1.984645579411962 0.37210635841753 -0.1864529848244901 -0.01054710866205588 0.05445814590749379 739 9.71316349578488e-07
-0.01645335514878621 1.693610514767554 0.6936105147675544 -1.973476322824301 0.3767244716323981 -0.183212764522433 -0.01054392760167344 0.05357136733406752 739 9.903061423290127e-07
-0.01695335514878621 1.69912821543605 0.6991282154360501 -1.962303605822735 0.3812678442460157 -0.1800555065815438 -0.0105412910528179 0.05270541181426104 740 9.926031099425192e-07
-0.01745335514878621 1.704536690152365 0.7045366901523653 -1.951136302569032 0.3857394547977729 -0.1769769377279625 -0.01053913129687056 0.05185924800669366 742 9.897205769975523e-07
-0.01795335514878621 1.709841134962738 0.7098411349627383 -1.939982257862713 0.3901420884007528 -0.1739733292616824 -0.01053738731658499 0.05103192012140859 743 9.962379708125591e-07
-0.01845335514878621 1.715046378434479 0.7150463784344787 -1.928848410817186 0.3944783539378592 -0.1710447536879958 -0.01053600405435066 0.05022254064941509 746 9.638539653116242e-07
-0.01895335514878621 1.720156915918333 0.7201569159183334 -1.917740901706732 0.3987506993481105 -0.1681836166206698 -0.0105349317740803 0.04943028395186472 746 9.884742843407919e-07
-0.01945335514878621 1.725176939835601 0.7251769398356014 -1.906665164719063 0.4029614252099734 -0.1653867713737639 -0.01053412548724914 0.0486543805963291 748 9.950730198692227e-07
-0.01995335514878621 1.730110366648407 0.7301103666484074 -1.895626008549661 0.4071126969461513 -0.1626512860287322 -0.01053473349910133 0.04789411231751188 749 9.990242787676055e-07
-0.02045335514878622 1.734960860778779 0.7349608607787794 -1.884627686821741 0.4112065556802128 -0.1599744243191537 -0.01053563226626743 0.04714880754993638 751 9.957450660091705e-07
-0.02095335514878622 1.739731856047696 0.739731856047696 -1.873673959579244 0.4152449280616139 -0.1573536285506083 -0.01053671540382009 0.04641783742739149 754 9.8760413596625e-07
-0.02145335514878622 1.744426574832755 0.7444265748327548 -1.862768147263075 0.4192296350847319 -0.154786504368997 -0.01053795091117211 0.04570325117129906 756 9.875285656009127e-07
-0.02195335514878622 1.749048045242164 0.7490480452421637 -1.851913178223473 0.4231624000313903 -0.1522708071340428 -0.01053930965807266 0.04500191508506123 758 9.759859070769369e-07
-0.02245335514878622 1.753599116608026 0.7535991166080258 -1.841111630468097 0.4270448557027567 -0.1498044296629158 -0.01054076512479223 0.04431312260781015 759 9.885136874346066e-07
-0.02295335514878622 1.758082473424911 0.758082473424911 -1.830365768612296 0.4308785509461696 -0.1473853912223322 -0.01054229314812292 0.04363638932005248 760 9.873774109796581e-07
-0.02345335514878622 1.76250064794298 0.7625006479429799 -1.819677576582894 0.4346649565859135 -0.1450118276050319 -0.01054387171102139 0.04297125852620423 761 9.994553305784679e-07
-0.02395335514878622 1.766856031608209 0.7668560316082087 -1.809048786515035 0.438405470860289 -0.1426819821409598 -0.01054586100596324 0.04231729915820646 763 9.854505299793737e-07
-0.02445335514878622 1.771150885382412 0.7711508853824121 -1.798480904587619 0.4421014243229133 -0.1403941975948229 -0.01054887035630839 0.0416741038845141 764 9.819399445755849e-07
-0.02495335514878622 1.775387349159772 0.775387349159772 -1.787975233785537 0.4457540843722767 -0.1381469088007992 -0.01055189622926018 0.04104128738643664 764 9.97835775660355e-07
-0.02545335514878622 1.779567450481381 0.7795674504813812 -1.777532894604897 0.4493646594513727 -0.1359386358516626 -0.01055492226373993 0.04041848476304021 765 9.935164703925169e-07
-0.02595335514878622 1.783693112015315 0.7836931120153146 -1.767154842890558 0.4529343026413168 -0.1337679782617881 -0.01055793350643213 0.03980535016250992 767 9.904099711148072e-07
-0.02645335514878622 1.787766159085021 0.7877661590850211 -1.7568418864345 0.4564641153770429 -0.1316336091203099 -0.01056091627856266 0.03920155540647791 768 9.68615198907127e-07
-0.02695335514878622 1.791788325971407 0.7917883259714067 -1.746594699500642 0.4599551504915173 -0.1295342701864328 -0.01056385808062162 0.038606788837498 768 9.821885690367248e-07
-0.02745335514878622 1.795761262073478 0.7957612620734775 -1.736413835980285 0.4634084152738858 -0.1274687671209342 -0.01056674748475504 0.03802075419414801 768 9.972948621772723e-07
-0.02795335514878622 1.799686537268705 0.799686537268705 -1.726299741094319 0.4668248740978285 -0.1254359653338977 -0.01056957405234461 0.03744316963187716 770 9.828682266653629e-07
-0.02845335514878622 1.80356564702513 0.8035656470251296 -1.716252761858547 0.4702054509856148 -0.1234347860446731 -0.01057264694646765 0.03687376679058268 770 9.919988573853684e-07
-0.02895335514878622 1.807400017206755 0.807400017206755 -1.706273156943354 0.4735510319980498 -0.1214642025711175 -0.01057677463810837 0.036312289917381 771 9.987457951451415e-07
-0.02945335514878622 1.811191008131716 0.811191008131716 -1.696361104962011 0.4768624672583203 -0.1195232372081306 -0.01058082801841808 0.0357584951266794 772 9.776810506155721e-07
-0.02995335514878622 1.814939918749614 0.8149399187496142 -1.686516712354361 0.4801405730837956 -0.1176109580236466 -0.01058479907270898 0.03521214963906399 772 9.893677607155475e-07
-0.03045335514878622 1.818647990281285 0.8186479902812853 -1.676740020419404 0.4833861338197176 -0.1157264760651996 -0.01058868046382237 0.03467303111788209 773 9.700846958289313e-07
-0.03095335514878622 1.822316409490783 0.8223164094907831 -1.667031011530508 0.4865999034963692 -0.1138692213409532 -0.01059246549988948 0.0341409270733465 773 9.811958070034878e-07
-0.03145335514878622 1.825946312032945 0.8259463120329453 -1.657389615012803 0.4897826075593035 -0.1120397907753294 -0.01059614806741511 0.03361563425320108 773 9.922089601485966e-07
-0.03195335514878622 1.829538785238844 0.8295387852388441 -1.647815712255116 0.492934944285836 -0.1102356446180446 -0.01059972259635273 0.03309695813570727 774 9.905677467700268e-07
-0.03245335514878622 1.833094870857792 0.8330948708577921 -1.638309141408696 0.4960575862069128 -0.1084560449231915 -0.01060318402677432 0.0325847124309806 774 9.979245269858323e-07
-0.03295335514878622 1.836615567681696 0.836615567681696 -1.628869701743674 0.4991511814740667 -0.1067002852943474 -0.01060652775573082 0.03207871860374481 775 9.956517496049408e-07
-0.03345335514878622 1.840101833753903 0.8401018337539032 -1.619497157467119 0.502216354993698 -0.1049676892160112 -0.01061054746220277 0.03157880547171279 776 9.800270616986099e-07
-0.03395335514878622 1.843554588682154 0.8435545886821543 -1.610191241254178 0.5052537096573195 -0.1032576083146956 -0.01061513788301736 0.03108480878562624 776 9.90189443406482e-07
-0.03445335514878622 1.84697471565797 0.8469747156579703 -1.600951657516997 0.508263827389926 -0.1015694208363785 -0.01061960921896287 0.03059657086218261 777 9.808321387126273e-07
-0.03495335514878622 1.85036306330968 0.8503630633096797 -1.591778085239633 0.5112472701304248 -0.09990253025702489 -0.01062395785253947 0.0301139402478194 777 9.868480066225522e-07
-0.03545335514878623 1.8537204475863 0.8537204475863003 -1.582670180721888 0.5142045808338855 -0.09825636386833647 -0.01062818049740047 0.02963677137666285 777 9.967013412517651e-07
-0.03595335514878623 1.857047653356991 0.8570476533569908 -1.573627579964503 0.5171362843168901 -0.09663037158002236 -0.01063227418393024 0.02916492428036916 778 9.864331508905166e-07
-0.03645335514878623 1.860345435994963 0.8603454359949634 -1.56464990084822 0.5200428881110779 -0.0950240247371012 -0.01063623624590677 0.02869826430101345 778 9.953130847555242e-07
-0.03695335514878623 1.863614522887103 0.8636145228871028 -1.555736745224181 0.5229248832688463 -0.09343681498997358 -0.01064006427896345 0.02823666181715825 779 9.932657948209635e-07
-0.03745335514878623 1.866855614744135 0.8668556147441353 -1.546887700663238 0.5257827450722228 -0.09186825332037156 -0.0106437561464566 0.02777999200667881 779 9.985765531957208e-07
-0.03795335514878623 1.870069386962562 0.8700693869625615 -1.538102342220947 0.5286169337670825 -0.09031786902428603 -0.01064730993677846 0.02732813459974779 781 9.902800133341061e-07
-0.03845335514878623 1.873256490778962 0.8732564907789617 -1.529380233879219 0.5314278951944903 -0.08878520885680267 -0.01065079413566237 0.02688097367007133 781 9.987091976097283e-07
-0.03895335514878623 1.876417554468613 0.8764175544686128 -1.520720930032685 0.5342160614394861 -0.08726983613878214 -0.0106555716352458 0.02643839741759108 782 9.938059241419039e-07
-0.03945335514878623 1.879553184372341 0.8795531843723405 -1.512123976687354 0.5369818513980863 -0.08577132999839844 -0.01066021356447012 0.02600029798291453 783 9.902455269916399e-07
-0.03995335514878623 1.882663965948105 0.8826639659481053 -1.503588912654735 0.5397256713562176 -0.08428928459136671 -0.0106647184032637 0.02556657125696126 783 9.895774545540423e-07
-0.04045335514878623 1.885750464710911 0.8857504647109113 -1.495115270643852 0.5424479155027623 -0.08282330840441289 -0.01066908480587993 0.02513711671084947 783 9.886803217553794e-07
-0.04095335514878623 1.888813227125335 0.8888132271253351 -1.486702578198489 0.5451489664281551 -0.08137302359767364 -0.01067331159938226 0.02471183723467126 783 9.874755242047628e-07
-0.04145335514878623 1.891852781468569 0.8918527814685693 -1.478350358593921 0.5478291956046369 -0.07993806536767543 -0.01067739776896892 0.02429063898146348 783 9.859578116498133e-07
-0.04195335514878623 1.894869638629438 0.8948696386294379 -1.470058131648463 0.5504889638318382 -0.07851808135866312 -0.01068134244768311 0.02387343122283537 783 9.896637288043846e-07
-0.04245335514878623 1.897864292867475 0.8978642928674749 -1.461825414463569 0.5531286216622535 -0.07711273110410437 -0.01068514490674317 0.02346012621185835 783 9.985605216463474e-07
-0.04295335514878623 1.9008372225298 0.9008372225298003 -1.453651722111998 0.5557485098026246 -0.07572168549929052 -0.01068880454286903 0.02305063905356475 784 9.996334209780372e-07
-0.04345335514878623 1.903788890727065 0.9037888907270648 -1.445536568230872 0.5583489594987193 -0.07434462630643693 -0.01069232087715267 0.02264488758303904 786 9.928174136885967e-07
-0.04395335514878623 1.906719745996811 0.9067197459968108 -1.437479465565054 0.5609302929159095 -0.07298124566918286 -0.01069569355058203 0.02224279224576945 787 9.931686745600295e-07
-0.04445335514878623 1.909630222883513 0.9096302228835129 -1.429479926551144 0.5634928234560698 -0.07163124568470526 -0.01069980260367552 0.02184427599272814 788 9.928331160063308e-07
-0.04495335514878623 1.912520742533936 0.9125207425339357 -1.421537463729763 0.5660368561069682 -0.07029433797088655 -0.01070439428116241 0.02144926417322066 789 9.916127624370763e-07
-0.04545335514878623 1.915391713242632 0.9153917132426321 -1.41365159017421 0.5685626877541151 -0.06897024326778847 -0.01070884617939063 0.02105768443652774 789 9.994449236110618e-07
-0.04595335514878623 1.918243530970099 0.9182435309700987 -1.405821819917978 0.5710706074724682 -0.06765869105759927 -0.01071315800939016 0.0206694666383273 790 9.968750157502322e-07
-0.04645335514878624 1.921076579835014 0.9210765798350142 -1.398047668248395 0.5735608968189881 -0.06635941920901506 -0.01071732958346917 0.02028454275227932 791 9.963012901084333e-07
-0.04695335514878624 1.923891232591757 0.9238912325917572 -1.390328652061445 0.5760338301044055 -0.06507255284012586 -0.01072136079932821 0.01990284678382386 792 9.976725273107158e-07
-0.04745335514878624 1.926687851070443 0.9266878510704426 -1.382664290137174 0.578489674650613 -0.06379825331060353 -0.01072525162111263 0.01952431469102347 792 9.988035198258671e-07
-0.04795335514878624 1.92946678660129 0.9294667866012896 -1.3750541034351 0.580928691033033 -0.06253545881205426 -0.01072900209645382 0.01914888430800374 793 9.996883925752628e-07
-0.04845335514878624 1.932228380420443 0.9322283804204425 -1.367497615273495 0.5833511333269986 -0.06128393842469333 -0.01073261233605592 0.01877649527219959 794 9.933523106186588e-07
-0.04895335514878624 1.934972964051534 0.9349729640515339 -1.359994351602332 0.5857572493225195 -0.06004346803280936 -0.01073608251962603 0.01840708895541123 794 9.997193950640686e-07
-0.04945335514878624 1.937700859678925 0.9377008596789247 -1.352543841167086 0.5881472807489638 -0.05881383005758768 -0.01073941288724375 0.01804060839680371 795 9.893291253070328e-07
-0.04995335514878624 1.940412380490028 0.9404123804900275 -1.345145615666056 0.5905214634795043 -0.05759481321203536 -0.01074260373117896 0.01767699824144905 795 9.95203666916089e-07
