TITLE = "branch_Re400_traditional_centrifugal"
VARIABLES = "pressure_gradient" "Tw" "thermal_rossby" "rotor_heat_flux_Tz" "G_mid" "H_min" "F_min" "F_max" "nodes" "max_rms_residual"
DATASETAUXDATA Source_File = "boussinesq_singularity_re_scan/Re400/branch_Re400_traditional_centrifugal.csv"
DATASETAUXDATA Converter = "convert_all_to_tecplot.py"
ZONE T="data", I=384, DATAPACKING=POINT
0.09462698382392948 1 0 3.011868221406451e-18 0.2948743017743566 -1.028871565305356 -0.1488130479797023 0.1704206981680808 1211 9.932648841788954e-07
0.09362698382392948 1.002459742064189 0.002459742064188974 -0.0151945042547314 0.2935808526801231 -1.026150289591251 -0.1480273911794311 0.1700221191237568 1211 9.939009037523691e-07
0.09262698382392948 1.004921213476874 0.004921213476874131 -0.0303496609704329 0.2922849773060894 -1.023389578077595 -0.1472359186231088 0.1696220571087244 1211 9.946810458026486e-07
0.09162698382392948 1.007384356119543 0.007384356119543245 -0.04546459293778789 0.2909866124873076 -1.020612378009731 -0.1464385439359597 0.1692205310423177 1212 9.955732051787766e-07
0.09062698382392947 1.009849104118111 0.009849104118111018 -0.06053838196937904 0.2896856914579782 -1.017828364271929 -0.1456351785571079 0.1688175622493713 1212 9.96552855572703e-07
0.08962698382392947 1.012315383419345 0.01231538341934479 -0.07557006780508645 0.2883821436281847 -1.015002613053921 -0.1448257316557041 0.1684131745739393 1212 9.97601164166075e-07
0.08862698382392947 1.014783111388252 0.01478311138825195 -0.09055864706229144 0.2870758943745742 -1.012149847868593 -0.1440101100517912 0.168007394486331 1212 9.987036029872061e-07
0.08762698382392947 1.017252196362497 0.01725219636249675 -0.1055030721559283 0.2857668647959097 -1.00929694821803 -0.1431938028525982 0.1676002512003015 1212 9.998489318459937e-07
0.08662698382392947 1.019722537201877 0.019722537201877 -0.1204022502437219 0.2844549714603159 -1.006399779531751 -0.1423801898562411 0.1671917767948028 1213 9.994500110229251e-07
0.08562698382392947 1.022194022828209 0.02219402282820915 -0.1352550421662121 0.2831401261445018 -1.003472538083268 -0.1415600256972015 0.1667820063180258 1214 9.728688365932687e-07
0.08462698382392947 1.024666531725431 0.02466653172543087 -0.1500602613507737 0.2818222355396445 -1.000543922947915 -0.1407332049700111 0.1663709779229494 1214 9.727298763160157e-07
0.08362698382392947 1.027139931455523 0.02713993145552274 -0.1648166728706252 0.2805012009470708 -0.9975682450778233 -0.1398996193754821 0.1659587329988674 1214 9.72590034127494e-07
0.08262698382392947 1.029614078140662 0.02961407814066175 -0.1795229923382793 0.2791769179659825 -0.9945668692550685 -0.1390591576095206 0.1655453162844015 1214 9.724494745150192e-07
0.08162698382392947 1.032088815924689 0.03208881592468882 -0.1941778849023632 0.2778492761418961 -0.9915549283047287 -0.1382117052403163 0.1651307760036357 1214 9.723081347251484e-07
0.08062698382392947 1.034563976424144 0.03456397642414433 -0.2087799642350177 0.27651815860299 -0.9884928307351671 -0.1373571445822714 0.1647151639979682 1214 9.751582275901092e-07
0.07962698382392946 1.037039378158982 0.03703937815898173 -0.2233277915275356 0.2751834416707087 -0.9854168207976638 -0.1365011120383539 0.1642985358609441 1214 9.797328411018158e-07
0.07862698382392946 1.039514825964496 0.0395148259644964 -0.2378198744936663 0.2738449944449487 -0.982313045447947 -0.135646959288531 0.1638809510755363 1214 9.843774199087376e-07
0.07762698382392946 1.041990110383828 0.04199011038382827 -0.2522546663789647 0.2725026783620167 -0.9791556742835281 -0.1347852316568629 0.1634624731538986 1214 9.890768307442749e-07
0.07662698382392946 1.044465007040309 0.04446500704030854 -0.2666305649738773 0.2711563467234062 -0.9760035738440325 -0.1339157946622472 0.1630431697796355 1214 9.938174701554868e-07
0.07562698382392946 1.046939275988831 0.04693927598883096 -0.2809459116274748 0.2698058441932797 -0.972798416940531 -0.1330385097462812 0.1626231129526563 1214 9.985871200382221e-07
0.07462698382392946 1.049412661046303 0.04941266104630282 -0.2951989902826996 0.2684510062584822 -0.9695622321629345 -0.1321532340937542 0.1622023791411775 1215 9.712990579636649e-07
0.07362698382392946 1.051884889096623 0.05188488909662259 -0.3093880263738013 0.2670916586758986 -0.9663050815449655 -0.1312598204495536 0.161781049413802 1215 9.71152542186167e-07
0.07262698382392946 1.054355669369383 0.05435566936938274 -0.3235111859840662 0.2657276168224793 -0.962987788976477 -0.13036231303883 0.1613592096214687 1215 9.710054297381378e-07
0.07162698382392946 1.056824692707038 0.05682469270703816 -0.3375665746805939 0.2643586850818965 -0.9596723508312081 -0.1294675078816165 0.160936950533528 1215 9.799751270892326e-07
0.07062698382392946 1.059291630786105 0.05929163078610511 -0.3515522364952289 0.2629846561275873 -0.9562955492618601 -0.1285639900276656 0.1605143680041827 1215 9.915510606428581e-07
0.06962698382392946 1.061756135318001 0.06175613531800117 -0.3654661528217631 0.2616053101756767 -0.9528960399074202 -0.1276515893852223 0.1600915631364269 1216 9.807214514990496e-07
0.06862698382392945 1.064217837230746 0.06421783723074581 -0.379306241213063 0.2602204142146358 -0.9494544734247442 -0.1267301301902597 0.1596686424489174 1216 9.851049343092803e-07
0.06762698382392945 1.066676345781908 0.06667634578190773 -0.3930703542399665 0.2588297210972362 -0.9459710079984941 -0.1257994307172012 0.1592457180525417 1216 9.894511061157556e-07
0.06662698382392945 1.069131247683003 0.06913124768300305 -0.4067562780936553 0.2574329686808305 -0.9424589188638446 -0.1248593030028133 0.1588229078259845 1216 9.937562174977989e-07
0.06562698382392945 1.071582106149317 0.0715821061493167 -0.4203617312138938 0.2560298788205995 -0.9388910557967497 -0.1239242310442257 0.1584003356026095 1216 9.98017034620214e-07
0.06462698382392945 1.07402845992246 0.0740284599224601 -0.4338843627711115 0.2546201563171432 -0.9353021230079755 -0.1229802663594203 0.1579781313666815 1217 9.72702945812257e-07
0.06362698382392945 1.076469822242069 0.07646982224206877 -0.4473217508452035 0.2532034878276299 -0.9316488064906455 -0.1220261492159533 0.1575564314369901 1217 9.740616080931054e-07
0.06262698382392945 1.078905679763756 0.07890567976375595 -0.4606714007863373 0.2517795405799183 -0.9279760745001883 -0.1210616596271112 0.1571353787029718 1217 9.754218326244803e-07
0.06162698382392945 1.081335491436013 0.08133549143601271 -0.4739307429489324 0.2503479611488682 -0.9242355665277814 -0.1200865694459475 0.1567151228275323 1217 9.767837324269088e-07
0.06062698382392945 1.083758687296189 0.08375868729618907 -0.4870971304473999 0.2489083740205801 -0.9204713621145938 -0.1191049569582813 0.1562958204855204 1217 9.781474441000491e-07
0.05962698382392945 1.08617466720939 0.08617466720938993 -0.5001678365382393 0.2474603800960564 -0.9166411625895625 -0.1181239740863991 0.1558776356112159 1217 9.795130917685234e-07
0.05862698382392945 1.088582799529602 0.08858279952960246 -0.5131400516829374 0.2460035550714534 -0.9127769980430323 -0.1171315209158916 0.1554607396624584 1217 9.820887220465886e-07
0.05762698382392945 1.0909824196772 0.09098241967720044 -0.5260108802291049 0.2445374476921246 -0.908853749760466 -0.1161273274323177 0.1550453119035959 1217 9.855818691667686e-07
0.05662698382392944 1.093372828623548 0.09337282862354823 -0.5387773366527271 0.2430615778689124 -0.9048802091143806 -0.1151111127150182 0.1546315397099715 1217 9.890181020766906e-07
0.05562698382392944 1.095753291272286 0.09575329127228649 -0.5514363412975243 0.2415754346438846 -0.9008595848660618 -0.1140857263624205 0.154219618897027 1217 9.923972084311314e-07
0.05462698382392944 1.098123034725595 0.09812303472559503 -0.5639847155397799 0.2400784739913097 -0.8967661898147373 -0.113060956575688 0.1538097540774959 1217 9.957190926038177e-07
0.05362698382392944 1.100481246419195 0.1004812464191953 -0.5764191763093454 0.2385701164208906 -0.8926427573568128 -0.1120231034937487 0.1534021590506763 1218 9.989838507410873e-07
0.05262698382392944 1.102827072133158 0.1028270721331579 -0.5887363298280168 0.2370497444674073 -0.8884419952293054 -0.110971830201166 0.1529970572316811 1219 9.891337569260972e-07
0.05162698382392944 1.105159613800572 0.1051596138005719 -0.6009326645211739 0.2355166998162197 -0.8841848687310173 -0.1099067848588503 0.1525946821027895 1219 9.90517219399301e-07
0.05062698382392944 1.107477927183063 0.1074779271830626 -0.6130045430738982 0.233970280254274 -0.8798728820957595 -0.1088381751953157 0.1521952777513742 1219 9.919029719005869e-07
0.04962698382392944 1.109781019336359 0.1097810193363591 -0.6249481932004446 0.232409736470842 -0.8754824090142532 -0.1077611079586847 0.1517990994199679 1219 9.932908926862283e-07
0.04862698382392944 1.112067845839552 0.1120678458395519 -0.6367596973562847 0.2308342683910711 -0.8710324619503156 -0.1066689460419571 0.1514064141376169 1219 9.946808898972353e-07
0.04762698382392944 1.114337307792185 0.1143373077921845 -0.6484349810048753 0.2292430212817848 -0.8665187947954043 -0.1055612606353009 0.1510175014141084 1219 9.960728467147883e-07
0.04662698382392944 1.11658824853397 0.1165882485339704 -0.6599697993361022 0.227635081482099 -0.8619234621360637 -0.1044465851602955 0.1506326540105453 1219 9.974666247573375e-07
0.04562698382392943 1.118819450059563 0.1188194500595627 -0.6713597222287465 0.2260094717387884 -0.8572459848897322 -0.1033234683689001 0.150252178795627 1219 9.988620586102446e-07
0.04462698382392943 1.121029629088939 0.1210296290889394 -0.682600117225708 0.2243651460662041 -0.852510657104901 -0.1021832228919798 0.1498763977034181 1220 9.830500526080738e-07
0.04362698382392943 1.123217432794914 0.1232174327949145 -0.6936861303440915 0.222700984338837 -0.8476883384279352 -0.1010253180676072 0.149505648771825 1220 9.854932290424578e-07
0.04262698382392943 1.125381434025159 0.1253814340251593 -0.7046126642038698 0.221015785790181 -0.8427771734649476 -0.09986348572204792 0.1491402873594523 1220 9.878879026652002e-07
0.04162698382392943 1.127520126185519 0.1275201261855186 -0.7153743535951591 0.2193082626413002 -0.837775287765737 -0.09868580538566778 0.1487806874345738 1220 9.902344815287536e-07
0.04062698382392943 1.129631917517575 0.1296319175175751 -0.7259655376620378 0.2175770325033414 -0.8326803745907935 -0.0974884826798573 0.1484272430511582 1220 9.994111788470196e-07
0.03962698382392943 1.131715124844953 0.1317151248449531 -0.7363802285578993 0.2158206101876946 -0.8274959944812795 -0.09627920677711246 0.1480803699840867 1221 9.947857217831982e-07
0.03862698382392943 1.133767966767605 0.1337679667676048 -0.7466120764426891 0.2140373989894563 -0.8222142331971313 -0.09505819713786093 0.1477405075359593 1221 9.969909681966851e-07
0.03762698382392943 1.135788556018456 0.1357885560184557 -0.7566543291065451 0.2122256801450417 -0.8168262808414103 -0.09381518461002401 0.1474081205855056 1221 9.991503514070905e-07
0.03662698382392943 1.137774891315574 0.1377748913155741 -0.7664997876832658 0.2103836023313095 -0.8113276660865707 -0.09255722403572646 0.1470837018188755 1222 9.678474732898835e-07
0.03562698382392943 1.139724848342193 0.1397248483421933 -0.7761407564034335 0.2085091695759808 -0.8057132287537866 -0.09128569264021352 0.1467677742014485 1222 9.679625069793139e-07
0.03462698382392942 1.141636169803607 0.1416361698036073 -0.7855689851209182 0.2066002270067789 -0.7999770402214565 -0.08998930929696417 0.1464608937956546 1222 9.681022902409446e-07
0.03362698382392942 1.143506454885078 0.1435064548850782 -0.7947756067658519 0.2046544466493323 -0.7941123206582281 -0.08867956227825 0.1461636527513805 1222 9.682687586332461e-07
0.03262698382392942 1.14533314767621 0.1453331476762101 -0.8037510657934457 0.2026693103808247 -0.7881166401903716 -0.08734863133786225 0.1458766826714993 1222 9.696771654172176e-07
0.03162698382392942 1.14711352487899 0.1471135248789899 -0.8124850390070514 0.2006420915191115 -0.7819852537205696 -0.08599253837874726 0.1456006582589911 1222 9.713878988909176e-07
0.03062698382392942 1.148844682808107 0.1488446828081069 -0.8209663474759556 0.1985698342905989 -0.7757020771713686 -0.08462233791726513 0.1453363012735652 1222 9.7305919643003e-07
0.02962698382392942 1.150523523898726 0.1505235238987259 -0.8291828592324564 0.196449331048027 -0.769255753406899 -0.08322089097675892 0.1450843847742303 1222 9.746909262812296e-07
0.02862698382392942 1.152146743069716 0.1521467430697161 -0.8371213826445772 0.1942770970321743 -0.7626407015473256 -0.0818035548751338 0.1448457376004026 1222 9.762828118382709e-07
0.02762698382392942 1.15371081451144 0.1537108145114401 -0.8447675509059431 0.1920493424911436 -0.755857301850397 -0.08035381798141587 0.1446212490014679 1222 9.852717854709706e-07
0.02662698382392942 1.155211979799465 0.1552119797994647 -0.8521056989934269 0.1897619420199365 -0.7488698356387774 -0.07888310385508628 0.1444118732593165 1222 9.989918970035281e-07
0.02562698382392942 1.156646238857332 0.156646238857332 -0.8591187357748189 0.1874104008397278 -0.7416957502667274 -0.07737770488244262 0.1442186340341455 1223 9.808144519139206e-07
0.02462698382392942 1.158009345071846 0.1580093450718465 -0.8657880175173928 0.1849898198448355 -0.7342926945787136 -0.0758489397330845 0.1440426281267572 1223 9.82239913746899e-07
0.02362698382392941 1.159296810422309 0.1592968104223094 -0.8720932286835975 0.1824948548010449 -0.7266595024397446 -0.07428164924324557 0.1438850277144528 1223 9.83621534435096e-07
0.02262698382392941 1.160503921418446 0.160503921418446 -0.8780122902892835 0.1799196791178615 -0.7187796404519239 -0.07268537661869474 0.14374708056527 1223 9.84957041694473e-07
0.02162698382392941 1.161625777882469 0.1616257778824686 -0.8835213153820848 0.1772579436179616 -0.71062599509489 -0.0710504286459752 0.1436301061731271 1223 9.862442643561344e-07
0.02062698382392941 1.162657365076877 0.1626573650768774 -0.8885946573515594 0.1745027415259734 -0.7021769866588219 -0.06937308145016999 0.1435354855037927 1223 9.874806769998397e-07
0.01962698382392941 1.163593673064098 0.1635936730640981 -0.8932051040803702 0.1716465841756337 -0.6934048755186006 -0.06765830824742293 0.1434646414772196 1223 9.886626890936795e-07
0.01862698382392941 1.164429905937117 0.164429905937117 -0.897324351322588 0.168681394308905 -0.6842933865901253 -0.06589647913809443 0.143419001840238 1223 9.897868032008746e-07
0.01762698382392941 1.165161811906374 0.1651618119063738 -0.9009239009064323 0.1655985392038846 -0.6747886753396038 -0.06408363861310694 0.1433999377039911 1223 9.908485923204923e-07
0.01662698382392941 1.165786222856012 0.1657862228560119 -0.9039766994100037 0.1623889301126623 -0.6648701536814999 -0.06221602114210106 0.1434086600734974 1223 9.918429147994145e-07
0.01562698382392941 1.166301927207231 0.1663019272072308 -0.9064600080164561 0.1590432424348027 -0.6544798282790588 -0.06028879068712938 0.1434460492057309 1223 9.927638834920895e-07
0.01552698382392941 1.166347563142029 0.1663475631420288 -0.90667638286258 0.1587008330264889 -0.6534160024360225 -0.06009313334207914 0.1434513823654374 1223 9.928516091699254e-07
0.01542698382392941 1.166392133102145 0.1663921331021454 -0.90688690552257 0.1583569617431423 -0.6523453981259423 -0.05989659013292849 0.1434570056751237 1223 9.929386197857974e-07
0.01532698382392941 1.166435642872173 0.1664356428721727 -0.9070915736122536 0.1580116200823166 -0.6512647173742803 -0.05969915286606684 0.1434629187209361 1223 9.930248180772866e-07
0.01522698382392941 1.166478098221607 0.166478098221607 -0.9072903844420652 0.1576647994236576 -0.6501851252548083 -0.05950081326330806 0.1434691210997582 1223 9.931101964431219e-07
0.01512698382392941 1.16651950556221 0.16651950556221 -0.9074833373545172 0.157316491272333 -0.6490982029565704 -0.05930156291662536 0.1434756122866883 1223 9.931947484925065e-07
0.01502698382392941 1.166559871982552 0.1665598719825516 -0.907670433852749 0.156966687271945 -0.6480008149553093 -0.0591013932853026 0.1434823916281498 1223 9.932784667069128e-07
0.01492698382392941 1.16659920528442 0.1665992052844203 -0.9078516777364354 0.1566153792182683 -0.646905817886505 -0.05890029569300872 0.1434894583346276 1223 9.933613444130381e-07
0.01482698382392941 1.16663751402121 0.1666375140212104 -0.9080270752454961 0.1562625590738672 -0.6458015301245791 -0.05869833934417352 0.1434968114730093 1223 9.934433738255789e-07
0.01472698382392941 1.166674807538407 0.1666748075384072 -0.9081966352120773 0.1559082189836472 -0.6446878645074955 -0.05849755707217853 0.143504449958509 1223 9.935245482983377e-07
0.01462698382392941 1.166711096016291 0.1667110960162905 -0.9083603692213144 0.1555523512914033 -0.6435762490924382 -0.0582958113009792 0.1435123725461473 1223 9.936048600694846e-07
0.01452698382392941 1.166746390514992 0.1667463905149922 -0.9085182917814036 0.1551949485574297 -0.6424534716314154 -0.05809309265294841 0.1435205778217626 1223 9.936843018471109e-07
0.01442698382392942 1.166780703022052 0.1667807030220518 -0.9086704205035644 0.1548360035772599 -0.6413252024724984 -0.05788939159639716 0.1435290641925244 1223 9.937628671697757e-07
0.01432698382392942 1.166814046502618 0.1668140465026184 -0.9088167762924937 0.1544755094016119 -0.6401943523299277 -0.05768469844206546 0.1435378298769203 1223 9.938405477479527e-07
0.01422698382392942 1.166846434952463 0.1668464349524632 -0.9089573835479737 0.15411345935762 -0.6390518768351976 -0.05747900333951753 0.1435468728941827 1223 9.939173367541921e-07
0.01412698382392942 1.166877883453976 0.1668778834539759 -0.9090922703783215 0.153749847071435 -0.6379091563514542 -0.05727229627343729 0.1435561910531234 1223 9.939932274098376e-07
0.01402698382392942 1.166908408235329 0.1669084082353289 -0.9092214688264293 0.1533846664922904 -0.6367578036639866 -0.05706456705982341 0.1435657819403383 1223 9.94068211758163e-07
0.01392698382392942 1.166938026733008 0.1669380267330083 -0.9093450151091905 0.1530179119181266 -0.6355979794426565 -0.05685580534207874 0.1435756429077433 1223 9.941422823408022e-07
0.01382698382392942 1.166966757657922 0.1669667576579217 -0.9094629498711569 0.152649578022885 -0.6344372182734757 -0.05664771714594048 0.1435857710594011 1223 9.942154325550779e-07
0.01372698382392942 1.166994621065312 0.1669946210653117 -0.9095753184533431 0.1522796598855805 -0.6332639968805863 -0.05643906856213783 0.1435961632375934 1223 9.942876549990875e-07
0.01362698382392942 1.167021638428713 0.1670216384287131 -0.9096821711781458 0.1519081530212783 -0.6320901263479388 -0.05622934559370443 0.1436068160080916 1223 9.94358942556423e-07
0.01352698382392942 1.167047832718219 0.1670478327182188 -0.9097835636514244 0.1515350534141038 -0.6309065799987537 -0.05601853699633727 0.1436177256445752 1223 9.944292882472367e-07
0.01342698382392942 1.167073228483328 0.1670732284833278 -0.9098795570828546 0.1511603575524271 -0.6297164678991659 -0.05580663132847748 0.1436288881121438 1223 9.944986846359507e-07
0.01332698382392942 1.167097851940676 0.1670978519406758 -0.9099702186257533 0.1507840624663751 -0.6285219856998958 -0.05559361694661144 0.1436402990498634 1223 9.945671253197942e-07
0.01322698382392942 1.167121731066967 0.167121731066967 -0.9100556217376556 0.1504061657678324 -0.6273161132505503 -0.05537948200044446 0.1436519537522865 1223 9.946346035980921e-07
0.01312698382392942 1.167144895697452 0.1671448956974517 -0.9101358465630199 0.1500266656931092 -0.6261100488311621 -0.05516421442794468 0.1436638471498773 1223 9.947011121772651e-07
0.01302698382392942 1.167167377630315 0.1671673776303151 -0.9102109803395311 0.1496455611484638 -0.6248901808897291 -0.05494814174796518 0.1436759737882718 1223 9.947666445738664e-07
0.01292698382392942 1.167189210737376 0.1671892107373762 -0.9102811178295909 0.149262851758685 -0.6236705275963117 -0.05473280397515259 0.1436883278062948 1223 9.94831194882865e-07
0.01282698382392942 1.16721043108152 0.1672104310815199 -0.9103463617786896 0.1488785379189545 -0.6224379695945172 -0.05451628533505322 0.1437009029126514 1223 9.948947562750744e-07
0.01272698382392943 1.167231077041319 0.1672310770413195 -0.910406823402493 0.1484926208502275 -0.6212030984811098 -0.05429857268096035 0.1437136923612046 1223 9.949573224727735e-07
0.01262698382392943 1.167251189443343 0.1672511894433428 -0.9104626229045949 0.1481051026583874 -0.6199571026515551 -0.05407965262317072 0.1437266889247433 1223 9.950188881731131e-07
0.01252698382392943 1.167270811702669 0.1672708117026693 -0.9105138900270598 0.1477159863974521 -0.6187073506739277 -0.05385951152305341 0.1437398848671383 1223 9.950794478117863e-07
0.01242698382392943 1.16728998997219 0.1672899899721902 -0.9105607646360186 0.1473252761371331 -0.617447123705311 -0.05363813548696839 0.1437532719137755 1223 9.951389955465125e-07
0.01232698382392943 1.167308773301304 0.1673087733013043 -0.9106033973447631 0.1469329770350689 -0.6161827799254805 -0.05341551036003495 0.1437668412201477 1223 9.951975262440462e-07
0.01222698382392943 1.167327213804672 0.1673272138046717 -0.910641950176972 0.1465390954140857 -0.6149074794704122 -0.0531918681520858 0.1437805833384775 1223 9.952550343743862e-07
0.01212698382392943 1.167345366841743 0.1673453668417433 -0.9106765972729081 0.1461436388448643 -0.6136287817848582 -0.05296894672630513 0.1437944881822316 1223 9.953115168801872e-07
0.01202698382392943 1.167363291207831 0.1673632912078311 -0.910707525641638 0.1457466162344245 -0.6123375126296401 -0.05274472013317304 0.1438085449883808 1223 9.953669686373053e-07
0.01192698382392943 1.167381049337558 0.1673810493375576 -0.9107349359625745 0.1453480379208721 -0.6110446441413904 -0.05251917288328484 0.1438227422772415 1223 9.954213857993026e-07
0.01182698382392943 1.167398707521581 0.1673987075215813 -0.9107590434399029 0.144947915774894 -0.6097383579587869 -0.05229228918672192 0.143837067809728 1223 9.954747648308194e-07
0.01172698382392943 1.167416336137569 0.1674163361375693 -0.9107800787137218 0.1445462633085237 -0.6084295389932816 -0.05206405294571829 0.1438515085418283 1223 9.955271037524791e-07
0.01162698382392943 1.167434009896476 0.1674340098964759 -0.9107982888320602 0.1441430957917482 -0.6071097252660572 -0.0518344477471795 0.1438660505760989 1223 9.955783991195605e-07
0.01152698382392943 1.167451808105256 0.1674518081052563 -0.9108139382882355 0.1437384303775748 -0.6057825133542727 -0.05160345685506074 0.1438806791099627 1223 9.95628649441079e-07
0.01142698382392943 1.167469814947258 0.167469814947258 -0.9108273101284184 0.1433322862362299 -0.6044491989472219 -0.05137239938120203 0.1438953783805719 1223 9.956778536698473e-07
0.01132698382392943 1.16748811978162 0.1674881197816196 -0.9108387071346211 0.1429246846992229 -0.6031041272658373 -0.05114083334928229 0.1439101316059789 1223 9.957260103763308e-07
0.01122698382392943 1.167506817463131 0.1675068174631309 -0.9108484530888037 0.1425156494140694 -0.6017556201776578 -0.05090781583684584 0.1439249209223393 1223 9.957731197267745e-07
0.01112698382392944 1.167526008684123 0.1675260086841228 -0.9108568941242206 0.142105206510543 -0.6003974313765847 -0.05067332846085321 0.1439397273168451 1223 9.958191833532954e-07
0.01102698382392944 1.167545800340094 0.1675458003400945 -0.9108644001706633 0.1416933847793991 -0.599028536634774 -0.05043735246750197 0.1439545305560621 1223 9.958642016351334e-07
0.01092698382392944 1.167566305920931 0.1675663059209311 -0.9108713665008074 0.1412802158646009 -0.5976562106813157 -0.0501998687236819 0.143969309109317 1223 9.959081773236866e-07
0.01082698382392944 1.167587645929725 0.1675876459297252 -0.910878215385466 0.1408657344701734 -0.5962744009150157 -0.04996085770838037 0.1439840400667515 1223 9.959511135819204e-07
0.01072698382392944 1.167609948331392 0.1676099483313918 -0.9108853978662348 0.1404499785829099 -0.5948828365261398 -0.0497215394121928 0.1439986990516228 1223 9.959930155809543e-07
0.01062698382392944 1.167633349033457 0.1676333490334569 -0.9108933956547063 0.1400329897122725 -0.5934838839731003 -0.04948166525657138 0.1440132601264003 1223 9.960338873947316e-07
0.01052698382392944 1.167657992401615 0.1676579924016153 -0.9109027231682401 0.1396148131489519 -0.5920794024247337 -0.04924018757928243 0.1440276956921619 1223 9.960737362677042e-07
0.01042698382392944 1.167684031812875 0.1676840318128754 -0.9109139297131176 0.1391954982436867 -0.5906660056879107 -0.04899708488362405 0.1440419763807551 1223 9.961125691172586e-07
0.01032698382392944 1.167711630249373 0.1677116302493729 -0.910927601826852 0.1387750987080968 -0.589244225995183 -0.04875233523186805 0.1440560709391364 1223 9.961503956808722e-07
0.01022698382392944 1.1677409609362 0.1677409609361999 -0.9109443657924317 0.138353672939448 -0.5878145797789981 -0.04850591623671362 0.1440699461052547 1223 9.961872264379712e-07
0.01012698382392944 1.167772208026912 0.1677722080269122 -0.9109648903384064 0.1379312843714525 -0.5863775670521854 -0.04825780505300447 0.1440835664747818 1223 9.962230730164981e-07
0.01002698382392944 1.167805567340699 0.1678055673406986 -0.9109898895399074 0.1375080018534063 -0.5849336707455147 -0.04801008109204237 0.1440968943579371 1223 9.962579489265577e-07
0.009926983823929442 1.167841247155571 0.1678412471555715 -0.9110201259370423 0.1370839000601936 -0.58353500478901 -0.04776075723524756 0.1441098896255783 1223 9.962918695807592e-07
0.009826983823929443 1.167879469062331 0.1678794690623313 -0.9110564138885243 0.1366590599359284 -0.5834857910757676 -0.0475096523654015 0.1441225095436614 1223 9.963248523101547e-07
0.009726983823929444 1.167920468884499 0.1679204688844993 -0.9110996231799616 0.136233569174277 -0.5834348466848271 -0.04725674130922808 0.1441347085950847 1223 9.963569162984757e-07
0.009626983823929444 1.167964497669895 0.1679644976698949 -0.9111506829079498 0.1358075227388046 -0.5833772639186676 -0.04700199838716271 0.1441464382878466 1223 9.963880819583263e-07
0.009526983823929445 1.168011822760058 0.1680118227600582 -0.9112105856629428 0.1353810234270165 -0.5833122335179313 -0.0467453974083198 0.1441576469483454 1223 9.964183738793447e-07
0.009426983823929445 1.1680627289443 0.1680627289442995 -0.9112803920359021 0.1349541824821303 -0.5832393273670272 -0.04648848038910386 0.1441682794985426 1223 9.964478175275393e-07
0.009326983823929446 1.168117519705784 0.168117519705784 -0.9113612354758925 0.1345271202570158 -0.5831580946149983 -0.04623031816309977 0.1441782772155918 1223 9.964764422468514e-07
0.009226983823929447 1.168176518567757 0.1681765185677571 -0.9114543275281497 0.1340999669351804 -0.5830680602868979 -0.04597019640182468 0.1441875774724089 1223 9.965042783111355e-07
0.009126983823929447 1.168240070548764 0.1682400705487641 -0.9115609634847037 0.1336728633141687 -0.5829687237980971 -0.04570808632570236 0.1441961134575152 1223 9.965313611962358e-07
0.009026983823929448 1.168308543736546 0.1683085437365461 -0.9116825284823463 0.133245961657276 -0.5828626439014556 -0.04544395862255678 0.1442038138723349 1223 9.965577269586739e-07
0.008926983823929448 1.168382330991182 0.1683823309911825 -0.9118205040857122 0.1328194266200718 -0.5827499212068592 -0.04517778345316924 0.1442106026039594 1223 9.965834182956891e-07
0.008826983823929449 1.168461851789033 0.1684618517890331 -0.9119764753963449 0.1323934362588735 -0.5826264392341899 -0.04491132159192805 0.1442163983712107 1223 9.966084781721344e-07
0.00872698382392945 1.168547554220076 0.1685475542200756 -0.9121521387319755 0.1319681831290259 -0.5824915839686975 -0.04464317313748826 0.1442211143416413 1223 9.966329555427189e-07
0.00862698382392945 1.16863991715238 0.1686399171523805 -0.9123493099237657 0.1315438754816182 -0.582344706798128 -0.04437286182876871 0.1442246577168939 1223 9.966569022245076e-07
0.008526983823929451 1.168739452578681 0.1687394525786805 -0.9125699332829482 0.1311207385681251 -0.5821851222732728 -0.04410035519357896 0.144226929283622 1223 9.966803757959537e-07
0.008426983823929451 1.168846708161309 0.1688467081613092 -0.912816091292146 0.1306990160633848 -0.5820121057075924 -0.04382562029567826 0.1442278229269251 1223 9.967034361272846e-07
0.008326983823929452 1.168962269993159 0.168962269993159 -0.9130900150805589 0.1302789716183346 -0.5818297646356678 -0.04354907723554519 0.1442272251029998 1223 9.967261501948745e-07
0.008226983823929453 1.169086765593787 0.1690867655937867 -0.9133940957461678 0.1298608905550117 -0.5816357913671788 -0.04327198202787155 0.1442250142674339 1223 9.967485884080897e-07
0.008126983823929453 1.169220867161311 0.1692208671613111 -0.9137308965919586 0.1294450817174992 -0.5814262091988415 -0.04299253140408792 0.1442210602552937 1223 9.967708278556942e-07
0.008026983823929454 1.169365295102322 0.1693652951023217 -0.9141031663468638 0.1290318794937429 -0.5812001162747512 -0.04271069019881431 0.1442152236088611 1223 9.967929508701593e-07
0.007926983823929454 1.169520821863601 0.1695208218636013 -0.9145138534453912 0.1286216460244837 -0.5809565568510829 -0.04242642301662045 0.1442073548485905 1223 9.968150444236114e-07
0.007826983823929455 1.169688276091021 0.1696882760910206 -0.9149661214425824 0.1282147736169318 -0.5806945176697913 -0.0421396943217508 0.1441972936825707 1223 9.96837203699817e-07
0.007726983823929456 1.169868547142446 0.1698685471424459 -0.9154633656427201 0.1278116873822274 -0.5804154772600842 -0.04185233120116476 0.1441848681495067 1223 9.968595297630799e-07
0.007626983823929456 1.170062589982806 0.1700625899828057 -0.916009231020581 0.1274128481171604 -0.5801228871463204 -0.04156270549036256 0.1441698936900051 1223 9.968821303492644e-07
0.007526983823929457 1.170271433242836 0.1702714332428359 -0.9166076420683187 0.1270187569494613 -0.5798086948110133 -0.04127048106666013 0.1441521716062138 1223 9.969040978910341e-07
0.007426983823929457 1.170496174186041 0.1704961741860411 -0.9172627821561823 0.1266299529214533 -0.5794716298238423 -0.04097562208027901 0.1441314900676423 1223 9.969273884375071e-07
0.007326983823929458 1.17073800077466 0.1707380007746602 -0.9179791766290197 0.1262470253295847 -0.5791103337628887 -0.04067809326853035 0.1441076198555156 1223 9.969512823855974e-07
0.007226983823929459 1.170998188027961 0.1709981880279605 -0.918761676809304 0.1258706122084758 -0.5787233662039766 -0.04037938619971319 0.1440803151062441 1223 9.969759097672383e-07
0.007126983823929459 1.171278107810069 0.1712781078100687 -0.9196154951724058 0.1255014061578729 -0.5783135226388141 -0.04007848645907544 0.144049311449039 1223 9.97001408234951e-07
0.00702698382392946 1.171579236627132 0.1715792366271323 -0.92054623236281 0.1251401591863799 -0.5778819594738899 -0.03977478101660264 0.1440143245349016 1223 9.970279209649592e-07
0.006926983823929461 1.171903163993524 0.1719031639935242 -0.9215599057951346 0.1247876879691789 -0.5774201966107819 -0.03946823858231837 0.1439750484597712 1223 9.970555993072448e-07
0.006826983823929461 1.172251601376813 0.1722516013768129 -0.9226629797664919 0.1244448795416292 -0.5769264052357236 -0.03915883013591602 0.1439311540802417 1223 9.970845969983045e-07
0.006726983823929462 1.172626391719297 0.1726263917192967 -0.9238623969421483 0.1241126974465917 -0.5763986412009122 -0.03884802470155015 0.1438822872225343 1223 9.971150750280288e-07
0.006626983823929462 1.173029519517301 0.1730295195173006 -0.9251656109914196 0.1237921883470371 -0.5758348383045784 -0.03853478761406107 0.1438280667885637 1223 9.971471967643713e-07
0.006526983823929463 1.173463121416929 0.1734631214169293 -0.9265806200402609 0.1234844891062445 -0.5752446987291288 -0.03821857364912715 0.1437680827672149 1223 9.971811296841485e-07
0.006426983823929464 1.173929497254847 0.1739294972548471 -0.9281160004648122 0.1231908343247715 -0.5746156074816158 -0.03789936757776524 0.1437018941646467 1223 9.972170399125218e-07
0.006326983823929464 1.174431121433095 0.1744311214330947 -0.9297809403693009 0.1229125643052775 -0.5739438950923748 -0.03757716011945358 0.1436290268749273 1223 9.972550938407687e-07
0.006226983823929465 1.174970654465563 0.1749706544655627 -0.9315852718638101 0.1226511333918252 -0.5732269499341172 -0.03725353497070711 0.1435489715220174 1223 9.972954532768899e-07
0.006126983823929465 1.175550954467909 0.1755509544679086 -0.9335395009735079 0.1224081185978681 -0.5724620070438984 -0.03692717324392308 0.1434611813165497 1223 9.973382726174223e-07
0.006026983823929466 1.176175088279387 0.1761750882793873 -0.9356548336612595 0.1221852283948115 -0.5716578976021096 -0.03659777808479753 0.1433650699865728 1223 9.973836936592265e-07
0.005926983823929467 1.176846341801075 0.1768463418010753 -0.9379431960206634 0.1219843114786849 -0.5708034972659102 -0.03626537525611487 0.143260009861045 1223 9.974318423335947e-07
0.005826983823929467 1.177568229007007 0.1775682290070069 -0.9404172461881237 0.1218073652637122 -0.569892306751557 -0.03593000410179011 0.1431453302089803 1223 9.974828205753434e-07
0.005726983823929468 1.178344498929974 0.1783444989299741 -0.9430903749256943 0.1216565437660763 -0.56892093013797 -0.03559328202306943 0.1430203159663199 1223 9.97536700176896e-07
0.005626983823929468 1.17917913974026 0.17917913974026 -0.9459766911420269 0.1215341644368441 -0.5678858187205177 -0.03525382239481636 0.1428842070171674 1223 9.97593513672515e-07
0.005526983823929469 1.180076378823413 0.1800763788234134 -0.9490909878580661 0.1214427133784723 -0.5667996853664972 -0.03491155471605973 0.1427361982359893 1223 9.976532434023073e-07
0.00542698382392947 1.181040677525699 0.181040677525699 -0.9524486833141458 0.121384848234642 -0.5656435066927388 -0.03456659571947659 0.1425754405421057 1223 9.977158095337242e-07
0.00532698382392947 1.182076718981535 0.1820767189815351 -0.9560657311059161 0.1213633978808556 -0.5644126323574958 -0.0342190898705771 0.1424010432656861 1223 9.977810577793715e-07
0.005226983823929471 1.183189387182181 0.183189387182181 -0.9599584925101697 0.1213813578696241 -0.5631030692084077 -0.03387034349698695 0.1422120781724903 1223 9.978487416704612e-07
0.005126983823929471 1.184383735215572 0.1843837352155722 -0.9641435636416779 0.1214418804110197 -0.5617179877673217 -0.03351972853996742 0.1420075855377704 1223 9.97918506394016e-07
0.005026983823929472 1.185664940443444 0.1856649404434438 -0.9686375499426191 0.1215482575162379 -0.5602582941617011 -0.0331671292639116 0.1417865826905728 1223 9.979898729928434e-07
0.004926983823929473 1.187038244339368 0.1870382443393681 -0.973456780975995 0.1217038958273652 -0.5587084125362891 -0.03281283725418201 0.1415480754576423 1223 9.980622137054921e-07
0.004826983823929473 1.188508874862407 0.1885088748624071 -0.9786169598534761 0.1219122816402834 -0.5570645915598905 -0.0324571911414138 0.1412910729076068 1223 9.981347385483281e-07
0.004726983823929474 1.190081949672025 0.1900819496720252 -0.9841327441869681 0.1221769347494882 -0.5553233483470321 -0.03210057980498029 0.141014605714821 1223 9.982064743278092e-07
0.004626983823929474 1.191762359292638 0.1917623592926379 -0.9900172595091435 0.1225013500608393 -0.5535017977624033 -0.03174451928262549 0.1407177483108019 1223 9.982762514550536e-07
0.004526983823929475 1.193554630592035 0.1935546305920348 -0.9962815518705755 0.1228889264880585 -0.5515779954462088 -0.03138839150841227 0.1403996447542083 1223 9.983426898418387e-07
0.004426983823929476 1.195462772691691 0.1954627726916911 -1.002933993803378 0.1233428835150063 -0.5495493699864671 -0.03103270013902796 0.140059537919253 1223 9.984041989192804e-07
0.004326983823929476 1.197490109652711 0.1974901096527109 -1.009979666730892 0.1238661669800483 -0.5474146890598738 -0.03067804481270786 0.1396968011820783 1223 9.984589747406042e-07
0.004226983823929477 1.199639106844641 0.1996391068446415 -1.017419752436515 0.1244613470778428 -0.5451875308232088 -0.03032507166906706 0.1393109713001597 1223 9.985050124979518e-07
0.004126983823929477 1.201911200533891 0.2019112005338906 -1.025250975098069 0.125130513158246 -0.5428626789333236 -0.0299744657610143 0.1389017806823932 1223 9.985401289483528e-07
0.004026983823929478 1.20430664193957 0.2043066419395696 -1.033465140861455 0.1258751710140682 -0.5404340407002888 -0.02962694060167584 0.138469186924162 1223 9.985658916130777e-07
0.003926983823929479 1.206824372608281 0.206824372608281 -1.042048832108835 0.1266961524944171 -0.5379046044409816 -0.0292832253170622 0.1380133964129369 1223 9.985724860382488e-07
0.003826983823929479 1.209461934918783 0.209461934918783 -1.050983282964996 0.1275935387182415 -0.5352835946925673 -0.02894446020510714 0.137534881296884 1223 9.985607196775952e-07
0.00372698382392948 1.212215442326151 0.2122154423261509 -1.060244499309016 0.1285666131955998 -0.532588190607024 -0.02861102041415092 0.1370343851339981 1223 9.985280470399523e-07
0.00362698382392948 1.215079607113611 0.2150796071136112 -1.069803617183919 0.1296138440431357 -0.529807953137865 -0.02828344702363244 0.1365129176529374 1223 9.984720094519025e-07
0.003526983823929481 1.218047832430585 0.218047832430585 -1.079627502988605 0.1307329014799642 -0.5269503823403142 -0.02796237359156137 0.1359717373273951 1223 9.98390302095475e-07
0.003426983823929482 1.221112364426079 0.2211123644260786 -1.08967956290499 0.1319207104112304 -0.5240238100269974 -0.02764836833988229 0.1354123225488556 1223 9.982808495486649e-07
0.003326983823929482 1.224264494030917 0.2242644940309169 -1.099920704833145 0.1331735345504912 -0.5210480286415524 -0.02734192183241316 0.1348363333692195 1223 9.981397907995825e-07
0.003226983823929483 1.227494799428503 0.227494799428503 -1.110310408406117 0.134487088167448 -0.5180308444619214 -0.02704343802508081 0.1342464587619553 1223 9.979709108455881e-07
0.003126983823929484 1.230793398367162 0.2307933983671622 -1.120807769274174 0.1358566614429042 -0.5149718768723436 -0.02675322964188373 0.1336473959681085 1223 9.977699882477813e-07
0.003026983823929484 1.234150210011822 0.2341502100118222 -1.131372525903155 0.1372772572059064 -0.5118804958508624 -0.02647151712291987 0.1330373903205423 1223 9.975362188111864e-07
0.002926983823929485 1.237555197205109 0.2375551972051091 -1.141965951455336 0.1387437247208397 -0.5087657997160177 -0.02619843143522401 0.132418340587945 1223 9.972691772799593e-07
0.002826983823929485 1.240998581260376 0.2409985812603763 -1.152551592634668 0.1402508845845566 -0.505640121123227 -0.02593401987982076 0.1317920974599854 1223 9.969688143715401e-07
0.002726983823929486 1.244471019954172 0.2444710199541724 -1.163095829985468 0.1417936385224647 -0.5025218338432877 -0.02567825417808914 0.131160429827295 1223 9.966354227762211e-07
0.002626983823929487 1.247963744649754 0.2479637446497545 -1.17356825623236 0.1433670604366626 -0.4994037269610873 -0.02543104002692377 0.1305249987455655 1223 9.962696019261897e-07
0.002526983823929487 1.251468656440671 0.2514686564406705 -1.183941884110483 0.1449664672231266 -0.4962924885375073 -0.02519222735906353 0.1298873391197024 1223 9.958722073211671e-07
0.002426983823929488 1.254978384257478 0.254978384257478 -1.19419320541663 0.1465874696836842 -0.4931940651966567 -0.02496162065704009 0.129248848566284 1223 9.954442985717023e-07
0.002326983823929488 1.258486309888981 0.2584863098889809 -1.204302128634743 0.1482260051810453 -0.4901136653126917 -0.02473898881515746 0.128610782530967 1223 9.949870927319819e-07
0.002226983823929489 1.261986565890618 0.2619865658906184 -1.214251824104961 0.1498783545034532 -0.4870557834681515 -0.02452407419676973 0.1279742545415722 1223 9.945019138495633e-07
0.00212698382392949 1.265474012568504 0.2654740125685038 -1.224028504335289 0.1515411457796284 -0.4840352438525329 -0.02431660067456294 0.1273402404336694 1223 9.939901571779344e-07
0.00202698382392949 1.26894419986898 0.2689441998689803 -1.23362116378769 0.1532113483150772 -0.4810471533439438 -0.02411628055843518 0.1267095854503821 1223 9.934532501147483e-07
0.001926983823929491 1.272393319294813 0.2723933192948129 -1.243021298260677 0.1548862590171605 -0.4780906605126594 -0.02392282040471633 0.1260830132496876 1223 9.928926332190464e-07
0.001826983823929491 1.275818150097045 0.2758181500970449 -1.252222619566062 0.1565634837373588 -0.4751679046377697 -0.02373592576259004 0.1254611360155218 1223 9.923097332222969e-07
0.001726983823929492 1.27921600309273 0.2792160030927302 -1.26122077704229 0.1582409154628249 -0.4722805732860895 -0.02355530495226919 0.1248444650376618 1223 9.917059459859521e-07
0.001626983823929493 1.282584664621303 0.2825846646213026 -1.270013093832437 0.1599167108903612 -0.4694299573122543 -0.02338067198955615 0.1242334212829362 1223 9.910826298249486e-07
0.001526983823929493 1.285922342424253 0.2859223424242534 -1.278598322892558 0.1615892665484659 -0.4666170024659788 -0.02321174877780995 0.1236283456176157 1223 9.904410899967775e-07
0.001426983823929494 1.289227614632504 0.2892276146325041 -1.286976425388326 0.1632571953147642 -0.4638423568779001 -0.02304826668542769 0.1230295084542778 1223 9.897825765092308e-07
0.001326983823929494 1.292499382572636 0.2924993825726359 -1.295148372424493 0.1649193039131463 -0.4611118801172976 -0.02288996761827377 0.1224371186860502 1223 9.891082811719666e-07
0.001226983823929495 1.295736827744965 0.2957368277449655 -1.303115969841811 0.1665745717660044 -0.4584255054625024 -0.0227367008493672 0.1218513318391214 1223 9.884193339027174e-07
0.001126983823929496 1.298939373066316 0.2989393730663163 -1.310881705011625 0.168222131416773 -0.4557776028193273 -0.0225883060753913 0.1212722574239054 1223 9.877167997712154e-07
0.001026983823929496 1.302106648289762 0.3021066482897621 -1.318448614066101 0.1698612506192586 -0.4531680338966605 -0.02244439973699991 0.120699965499727 1223 9.870016844177871e-07
0.0009269838239294968 1.305238459395278 0.3052384593952784 -1.325820167741024 0.1714913161054075 -0.4505965335947542 -0.02230476939868065 0.1201344924905843 1223 9.862749320123397e-07
0.0008269838239294974 1.308334761673946 0.3083347616739456 -1.333000173911798 0.1731118189850877 -0.4480627325404823 -0.02216921388058873 0.1195758463033242 1223 9.855374283798197e-07
0.000726983823929498 1.311395636191396 0.3113956361913957 -1.33999269491877 0.174722341693851 -0.4455661765071118 -0.02203754292538354 0.1190240108068031 1223 9.847900011885425e-07
0.0006269838239294986 1.314421269303581 0.3144212693035806 -1.346801977865796 0.1763225463823394 -0.4431063430684066 -0.02190957679258876 0.1184789497332143 1223 9.891272866355837e-07
0.0005269838239294992 1.317411934901809 0.3174119349018085 -1.353432396206353 0.1779121646297567 -0.4406826558182871 -0.02178514580552562 0.117940610062206 1223 9.97482818460295e-07
0.0004269838239294999 1.320367979051567 0.3203679790515674 -1.359888400995025 0.1794909883338442 -0.4382944964775024 -0.02166408986667305 0.1174089249508504 1224 9.82495637202164e-07
0.0003269838239295005 1.323289806926227 0.3232898069262271 -1.366174481051613 0.1810588618440913 -0.4359412150592375 -0.02154625798171062 0.1168838162284005 1224 9.817158026996416e-07
0.0002269838239295011 1.32617787120601 0.3261778712060104 -1.37229512895931 0.1826156746666431 -0.4336258632332281 -0.02143150772751019 0.1163651966113966 1224 9.809293956430261e-07
0.0001269838239295017 1.329032662647754 0.3290326626477542 -1.378254814933732 0.1841613555638432 -0.4313480981934711 -0.02131970479906609 0.1158529715075243 1224 9.801369995684631e-07
2.698382392950227e-05 1.33185470166906 0.3318547016690596 -1.384057964532369 0.1856958670208125 -0.4291029025055587 -0.02121072251472596 0.1153470406252131 1224 9.793391211140579e-07
-7.301617607049712e-05 1.334644531324129 0.3346445313241293 -1.389708941262646 0.1872192005475065 -0.4268895838452383 -0.02110444135992223 0.1148472993185994 1224 9.785362339958516e-07
-0.0001730161760704965 1.337402711316241 0.3374027113162406 -1.395212032777741 0.1887313725498524 -0.4247074489280678 -0.02100074854687013 0.1143536397347909 1224 9.777287788955666e-07
-0.0002730161760704959 1.340129812927995 0.3401298129279955 -1.400571440156884 0.1902324207244933 -0.4225558069959064 -0.0208995375955672 0.1138659517860341 1224 9.76917163405221e-07
-0.0003730161760704953 1.342826414742075 0.3428264147420748 -1.405791269764833 0.1917224009130234 -0.4204339726750471 -0.02080083518197876 0.1133841239709525 1224 9.761017697169169e-07
-0.0004730161760704947 1.345493099041773 0.3454930990417728 -1.410875527260426 0.1932013843589183 -0.4183412683007415 -0.02070469873558364 0.1129080440658971 1224 9.752829519064573e-07
-0.0005730161760704941 1.348130448795278 0.3481304487952783 -1.415828113389088 0.1946694553170187 -0.4162770257894605 -0.02061076387183165 0.1124375997046766 1224 9.744610403132739e-07
-0.0006730161760704935 1.35073904514057 0.3507390451405703 -1.42065282125009 0.1961267089714356 -0.4142405881285723 -0.02051894530344035 0.1119726788624908 1224 9.736363413645853e-07
-0.0007730161760704929 1.353319465299101 0.3533194652991012 -1.425353334777194 0.1975732496231089 -0.4122313105430503 -0.02042916229848417 0.111513170257751 1224 9.728091414080433e-07
-0.0008730161760704923 1.355872280856319 0.3558722808563193 -1.429933228212318 0.1990091891130371 -0.4102485613901066 -0.02034133839143742 0.1110589636835972 1224 9.719797058637529e-07
-0.0009730161760704917 1.358398056355632 0.3583980563556322 -1.434395966386635 0.2004346454514217 -0.408291722825185 -0.02025540111331387 0.1106099502793006 1224 9.711482826054468e-07
-0.001073016176070491 1.360897348159861 0.3608973481598607 -1.438744905653196 0.2018497416266958 -0.4063601912763105 -0.02017128173988532 0.1101660227503243 1224 9.703151040789809e-07
-0.00117301617607049 1.363370703540648 0.3633707035406482 -1.442983295340331 0.203254604571688 -0.4044533777583003 -0.0200889150569383 0.1097270755445963 1224 9.6948038217245e-07
-0.00127301617607049 1.365818659961859 0.3658186599618587 -1.447114279616377 0.2046493642670512 -0.4025735000520426 -0.02000823914152999 0.109293004991489 1224 9.686443204424722e-07
-0.001373016176070489 1.368241744527767 0.3682417445277675 -1.451140899674324 0.2060341529645944 -0.4007199468819145 -0.01992919515822394 0.1088637094090933 1224 9.678071033912023e-07
-0.001473016176070489 1.370640473570986 0.3706404735709856 -1.455066096160229 0.2074091045153653 -0.398889291593325 -0.01985172716931773 0.1084390891845837 1224 9.669689063539216e-07
-0.001573016176070488 1.373015352358614 0.3730153523586144 -1.458892711782112 0.2087743537892504 -0.3970810093280158 -0.01977578195811478 0.1080190468317966 1224 9.661298895345943e-07
-0.001673016176070487 1.375366874898174 0.375366874898174 -1.462623494046907 0.2101300361745362 -0.3952945895603549 -0.01970166898643242 0.1076034870295592 1224 9.652902062161333e-07
-0.001773016176070487 1.377695523827488 0.3776955238274884 -1.466261098082194 0.2114762871473399 -0.3935295359041738 -0.01962906748032395 0.1071923166438071 1224 9.644499954834053e-07
-0.001873016176070486 1.380001770374967 0.3800017703749665 -1.46980808950714 0.2128132419020942 -0.3917853658795228 -0.01955784560745968 0.1067854447360914 1224 9.636093918910459e-07
-0.001973016176070486 1.382286074378662 0.382286074378662 -1.473266947323552 0.2141410350353817 -0.3900616106477739 -0.01948795933573945 0.106382782560711 1224 9.632980118751613e-07
-0.002073016176070485 1.384548884354166 0.3845488843541662 -1.476640066803389 0.2154598002763856 -0.3883578147221778 -0.01941936664330744 0.1059842435523808 1224 9.69708917974698e-07
-0.002173016176070484 1.386790637602829 0.3867906376028292 -1.479929762353628 0.2167696702580684 -0.3866735356598546 -0.01935202740261292 0.1055897433060742 1224 9.761572643776859e-07
-0.002273016176070484 1.389011760353028 0.3890117603530276 -1.483138270343246 0.2180707763239295 -0.3850083437402401 -0.01928590327223956 0.1051991995504412 1224 9.826431520276998e-07
-0.002373016176070483 1.391212667928272 0.3912126679282717 -1.486267751880214 0.2193632483658337 -0.3833618216341961 -0.01922095759593845 0.1048125321160009 1224 9.891668940330988e-07
-0.002473016176070483 1.393393764936847 0.3933937649368471 -1.489320295529135 0.2206472146889653 -0.3817335640672954 -0.01915715530834116 0.1044296628991294 1224 9.95728601736436e-07
-0.002573016176070482 1.395555445481786 0.3955554454817862 -1.492297919977787 0.2219228019009835 -0.3801231774766833 -0.01909446284644439 0.1040505158220636 1225 9.577234730393592e-07
-0.002673016176070481 1.397698093364091 0.3976980933640908 -1.495202576538836 0.2231901348186368 -0.3785302796885583 -0.01903284806937702 0.1036750167942221 1225 9.568834606905655e-07
-0.002773016176070481 1.39982208234573 0.3998220823457297 -1.498036151808861 0.2244493364003313 -0.3769544995444589 -0.01897228017715418 0.1033030936618636 1225 9.56043940806604e-07
-0.00287301617607048 1.4019277763532 0.4019277763531997 -1.500800469937858 0.2257005276837468 -0.3753954766008808 -0.01891314677828804 0.1029346761691923 1225 9.552049421976754e-07
-0.00297301617607048 1.404015529735873 0.404015529735873 -1.503497295053114 0.2269438277450406 -0.373852860780774 -0.01885503489107248 0.1025696959089053 1225 9.543665257585688e-07
-0.003073016176070479 1.40608568750715 0.4060856875071497 -1.506128333508966 0.2281793536667049 -0.37232631205157 -0.01879788483969597 0.1022080862759715 1225 9.535287477441533e-07
-0.003173016176070478 1.408138585590113 0.4081385855901132 -1.508695236071993 0.2294072205162192 -0.3708155001060832 -0.01874167043455728 0.1018497824205185 1225 9.526916613814776e-07
-0.003273016176070478 1.410174551062966 0.4101745510629655 -1.511199600026597 0.2306275413335955 -0.3693206385165795 -0.01868636651586929 0.101494721200729 1225 9.518553169100717e-07
-0.003373016176070477 1.412193902403083 0.412193902403083 -1.513642971202053 0.2318404271266007 -0.3678442419166482 -0.01863194890132453 0.1011428411359731 1225 9.510197601469597e-07
-0.003473016176070477 1.414196949728741 0.4141969497287405 -1.516026845922434 0.2330459868726015 -0.3663825669637941 -0.01857839433694921 0.1007940823603617 1225 9.501850346946021e-07
-0.003573016176070476 1.416183995037718 0.4161839950377175 -1.518352672881127 0.2342443275260949 -0.364935321391329 -0.01852568045092499 0.1004483865768758 1225 9.49351180505773e-07
-0.003673016176070475 1.418155332442143 0.4181553324421425 -1.520621854941844 0.2354355540311091 -0.3635022210948945 -0.01847378571017378 0.1001056970121969 1225 9.485182331792157e-07
-0.003773016176070475 1.420111248399074 0.4201112483990743 -1.5228357508682 0.2366197693377594 -0.3620829898644288 -0.01842268937951703 0.09976595837233802 1225 9.476862292355804e-07
-0.003873016176070474 1.422052021936398 0.4220520219363977 -1.524995676984039 0.2377970744223237 -0.3606773591243456 -0.01837237148323449 0.09942911679915931 1225 9.468552009293688e-07
-0.003973016176070474 1.423977924873732 0.4239779248737323 -1.527102908766759 0.2389675683102932 -0.3592850676818967 -0.01832281276886067 0.09909511982782633 1225 9.46025177378724e-07
-0.004073016176070473 1.425889222038103 0.4258892220381025 -1.529158682375926 0.240131348101905 -0.3579058614836657 -0.01827433617403857 0.09876391634526303 1225 9.451961864187013e-07
-0.004173016176070472 1.427786171474212 0.4277861714742124 -1.531164196119518 0.2412885089997425 -0.3565394933800859 -0.0182266725711696 0.09843545654963062 1225 9.443682548891987e-07
-0.004273016176070472 1.429669024649191 0.4296690246491912 -1.533120611860072 0.2424391443380222 -0.3551857228978609 -0.01817971337994193 0.09810969191085903 1225 9.435414047603019e-07
-0.004373016176070471 1.431538026891941 0.4315380268919407 -1.535029057449687 0.2435833456919572 -0.3538443157890859 -0.0181334418534159 0.09778657508629111 1225 9.427183141492025e-07
-0.004473016176070471 1.433393416617929 0.4333934166179294 -1.536890623635151 0.2447212025927551 -0.3525150447512815 -0.0180878418767113 0.09746606006868928 1225 9.41893585650095e-07
-0.00457301617607047 1.435235426982532 0.4352354269825325 -1.538706371942783 0.2458528030381751 -0.3511976878116458 -0.01804289782261073 0.0971481018696304 1225 9.410700054328261e-07
-0.004673016176070469 1.437064285078031 0.4370642850780313 -1.540477331392964 0.2469782332051226 -0.3498920290785313 -0.01799859460739831 0.09683265667281772 1225 9.402475908304115e-07
-0.004773016176070469 1.438880212358912 0.4388802123589124 -1.542204500769307 0.2480975775638952 -0.3485978583113162 -0.01795491764764025 0.09651968175241676 1225 9.394263579541681e-07
-0.004873016176070468 1.440683424813226 0.4406834248132263 -1.543888849711107 0.2492109189120633 -0.3473149707365441 -0.01791185283846288 0.09620913543997139 1225 9.386063201122194e-07
-0.004973016176070467 1.442474133128575 0.4424741331285749 -1.545531319760825 0.2503183384084707 -0.3460431668706503 -0.01786938653298204 0.09590097709234983 1225 9.377874923071171e-07
-0.005073016176070467 1.444252542852838 0.4442525428528379 -1.5471328253685 0.2514199156072365 -0.3447822523490593 -0.01782750552281303 0.09559516706070059 1225 9.369698848987392e-07
-0.005173016176070466 1.446018854549741 0.4460188545497414 -1.548694254854964 0.2525157284916505 -0.3435320377614466 -0.01778619701959474 0.09529166666039825 1225 9.361535089076972e-07
-0.005273016176070466 1.447773263949395 0.4477732639493948 -1.550216471335629 0.2536058535078713 -0.3422923384929552 -0.01774544863746665 0.09499043814195667 1225 9.353383751650589e-07
-0.005373016176070465 1.449515962093912 0.4495159620939118 -1.551700313606557 0.2546903655983489 -0.341062974571159 -0.01770556861128813 0.09469144466288611 1225 9.352867565519557e-07
-0.005473016176070464 1.451247135478256 0.4512471354782557 -1.55314659699447 0.2557693382349066 -0.3398437705185726 -0.01766630577506982 0.09439465026046974 1225 9.398451643953322e-07
-0.005573016176070464 1.452966966186431 0.4529669661864306 -1.554556114172276 0.2568428434514263 -0.338634555210504 -0.01762756655982403 0.0941000198254347 1225 9.444188915924315e-07
-0.005673016176070463 1.454675632023155 0.4546756320231553 -1.555929635941613 0.2579109518760865 -0.3374351617380623 -0.01758934001103355 0.09380751907649307 1225 9.490080217556511e-07
-0.005773016176070463 1.456373306641158 0.4563733066411577 -1.557267911983876 0.25897373276312 -0.3362454272761224 -0.01755161550265217 0.09351711453572581 1225 9.536127462147671e-07
-0.005873016176070462 1.458060159664216 0.4580601596642164 -1.558571671581106 0.2600312540240516 -0.3350651929560695 -0.01751438272416963 0.09322877350478595 1225 9.582330806788884e-07
-0.005973016176070461 1.45973635680609 0.4597363568060897 -1.559841624308069 0.2610835822583973 -0.3338943037431372 -0.01747763166830267 0.09294246404189406 1225 9.628691052307514e-07
-0.006473016176070462 1.467963044689513 0.4679630446895127 -1.565707821812475 0.2662695708981949 -0.3281868160618824 -0.01730077177143902 0.09154032251547196 1225 9.859847744507382e-07
-0.006973016176070462 1.47594613499046 0.4759461349904601 -1.570825044175462 0.2713350204617186 -0.3226918563927058 -0.01713544429506802 0.09018457706189874 1226 9.216759030185621e-07
-0.007473016176070463 1.483702567057748 0.4837025670577475 -1.575263364455988 0.2762869497755225 -0.3173926636232889 -0.01698077596619999 0.08887196536486752 1226 9.177296809142107e-07
-0.007973016176070463 1.491247549456647 0.4912475494566468 -1.579084538935981 0.2811317574679887 -0.3122752910219557 -0.01683493693094962 0.08759955995961782 1226 9.138153548535636e-07
-0.008473016176070464 1.49859478541256 0.4985947854125599 -1.582343219095285 0.2858752905482458 -0.3073272269999858 -0.01669732379383925 0.08636472457220015 1226 9.099329914563899e-07
-0.008973016176070464 1.505756663252735 0.5057566632527346 -1.585087955076497 0.2905229045193032 -0.3025372075055924 -0.01656852695557758 0.08516507722570395 1226 9.060821345173078e-07
-0.009473016176070465 1.512744418660659 0.5127444186606589 -1.587362033871787 0.2950795162381069 -0.297895057203553 -0.01644651556242341 0.08399845880382281 1226 9.022622513737051e-07
-0.009973016176070465 1.519568273110588 0.519568273110588 -1.589204181988897 0.2995496502582348 -0.2933961585615748 -0.01633076662037818 0.08286290622732707 1226 9.022604047403798e-07
-0.01047301617607047 1.526237552450749 0.5262375524507494 -1.590649157563081 0.303937479485201 -0.2890315609662319 -0.0162208118171545 0.0817566294767776 1226 9.179473917131502e-07
-0.01097301617607047 1.532760788859266 0.5327607888592656 -1.591728251693489 0.3082468608797969 -0.2847890573745603 -0.01611740402886208 0.08067799183792258 1226 9.337511670368096e-07
-0.01147301617607047 1.53914580882918 0.5391458088291801 -1.592469714871261 0.3124813668611792 -0.2806617024464638 -0.01601902761926399 0.07962549285562723 1226 9.496720228395327e-07
-0.01197301617607047 1.545399809374631 0.5453998093746306 -1.592899121290075 0.3166443129795332 -0.2766431304035327 -0.01592525496408171 0.07859775357180068 1226 9.657100168424484e-07
-0.01247301617607047 1.551529424271182 0.5515294242711817 -1.593039681400179 0.3207387823524927 -0.2727274923922719 -0.0158357751050713 0.07759350369601221 1226 9.81864867285481e-07
-0.01297301617607047 1.557540781834023 0.5575407818340234 -1.592912511139555 0.3247676472918017 -0.2689094020314512 -0.01575030507118269 0.07661157041730116 1226 9.981358196229737e-07
-0.01347301617607047 1.563439555480966 0.5634395554809661 -1.592536864727256 0.3287335884855373 -0.2651838879101245 -0.01566886102137772 0.07565086861534122 1227 8.727439909012923e-07
-0.01397301617607047 1.569231008153261 0.5692310081532612 -1.591930336775711 0.3326391120638216 -0.2615463519842697 -0.01559156031109159 0.07471039226307233 1227 8.691747773477479e-07
-0.01447301617607047 1.57492003119798 0.5749200311979796 -1.591109037563104 0.3364865646982771 -0.2579925332499802 -0.01551751700169876 0.07378920690216585 1227 8.656291669074366e-07
-0.01497301617607047 1.580511179720655 0.5805111797206552 -1.590087749293571 0.3402781475433047 -0.2545225634533638 -0.015446533076915 0.07288644280756587 1227 8.621089620309804e-07
-0.01547301617607047 1.586008702001992 0.5860087020019915 -1.588880057173402 0.3440159278516163 -0.2511304468760774 -0.01537842628053298 0.07200128929444011 1227 8.586123194650167e-07
-0.01597301617607047 1.59141656751421 0.5914165675142102 -1.587498470493971 0.3477018502505293 -0.2478106904092389 -0.01531302849099858 0.07113298930504372 1227 8.565902905986295e-07
-0.01647301617607047 1.596738490945384 0.5967384909453843 -1.58595452651053 0.3513377464572299 -0.2445601105266534 -0.01525018434208772 0.07028083476514363 1227 8.666563466173087e-07
-0.01697301617607047 1.601977953846436 0.6019779538464358 -1.584258882891998 0.3549253441193487 -0.2413757311062494 -0.01518974999866554 0.06944416240202603 1227 8.767022429054077e-07
-0.01747301617607047 1.607138224015038 0.6071382240150376 -1.582421399699322 0.358466274798618 -0.2382547657315877 -0.01513159207512418 0.06862235000099959 1227 8.867251536320943e-07
-0.01797301617607047 1.612222372894543 0.6122223728945428 -1.580451212264814 0.3619620811952268 -0.2351946018420596 -0.01507558667700203 0.06781481304642063 1227 8.96722072925867e-07
-0.01847301617607047 1.617233291227126 0.6172332912271263 -1.578356796141538 0.3654142236978906 -0.2321927865053207 -0.01502193638727258 0.06702100170082628 1227 9.066897937819104e-07
-0.01897301617607047 1.622173703167461 0.6221737031674606 -1.576146025121916 0.3688240863338485 -0.2292470136170889 -0.01497034518215653 0.0662403980821427 1227 9.16624787758441e-07
-0.01947301617607047 1.627046179035417 0.6270461790354172 -1.573826223182242 0.3721929821837017 -0.2263551123601047 -0.01492055187567902 0.06547356698896135 1227 9.265233391115521e-07
-0.01997301617607047 1.63185314686263 0.6318531468626296 -1.571404211089916 0.3755221583180087 -0.2235150367766601 -0.01487246373280119 0.06472092353211267 1227 9.363815818536954e-07
-0.02047301617607047 1.636596902867619 0.6365969028676191 -1.568886348308924 0.3788128003056414 -0.2207248563283116 -0.01482599404613402 0.06397999274484335 1227 9.461952291928701e-07
-0.02097301617607047 1.641279620976954 0.6412796209769538 -1.566278570753381 0.382066036337924 -0.21798274733278 -0.01478106164590949 0.06325036661091311 1227 9.559599504552586e-07
-0.02147301617607048 1.645903361495167 0.6459033614951668 -1.563586424866019 0.3852829410074036 -0.2152905162676304 -0.01473759045820916 0.06253165861000179 1227 9.656710361567332e-07
-0.02197301617607048 1.650470079013475 0.6504700790134748 -1.560815098436425 0.3884645387755898 -0.2126434443900674 -0.01469550910587052 0.06182350221376879 1227 9.753236382693768e-07
-0.02247301617607048 1.654981629636413 0.654981629636413 -1.557969448520683 0.3916118071600908 -0.2100393783649729 -0.01465475054722988 0.06112554951207158 1227 9.849126708566473e-07
-0.02297301617607048 1.659439777596065 0.6594397775960648 -1.555054026778603 0.3947256796681501 -0.2074768580609001 -0.01461525174848965 0.06043746995601553 1227 9.944327586005364e-07
-0.02347301617607048 1.663846201343003 0.6638462013430033 -1.55207310257442 0.3978070485150721 -0.2049544971108222 -0.01457695338480646 0.05975894920090499 1228 8.054808936782394e-07
-0.02397301617607048 1.668202498975021 0.6682024989750206 -1.549030683601771 0.4008567670476396 -0.2024709781109976 -0.01453979957548221 0.05908968807486634 1228 8.023153919107093e-07
-0.02447301617607048 1.672510193631931 0.6725101936319309 -1.545930535694936 0.4038756521955242 -0.2000250478778366 -0.01450373762464776 0.05842940155542765 1228 8.05049919983144e-07
-0.02497301617607048 1.6767707379324 0.6767707379324004 -1.542776199601502 0.4068644864612621 -0.1976155135306595 -0.01446871780794446 0.05777781792665918 1228 8.105644228703543e-07
-0.02547301617607048 1.680985518457937 0.6809855184579365 -1.539571007297713 0.4098240199706222 -0.1952412385584829 -0.01443469316003599 0.05713467792883421 1228 8.159975476178285e-07
-0.02597301617607048 1.685155859737759 0.6851558597377594 -1.536318096545429 0.412754972293175 -0.1929011393239569 -0.01440161928681116 0.05649973400254715 1228 8.213461978028618e-07
-0.02647301617607048 1.689283027958377 0.6892830279583768 -1.533020424305003 0.4156580341467152 -0.1905941818154163 -0.01436945419197351 0.0558727495853512 1228 8.266072350100663e-07
-0.02697301617607048 1.693368234397411 0.693368234397411 -1.529680779051719 0.418533868982175 -0.1883193786453643 -0.01433815811773165 0.05525349846088619 1228 8.317773648926897e-07
-0.02747301617607048 1.697412638606046 0.6974126386060462 -1.526301792099692 0.4213831144590492 -0.1860757862732515 -0.01430769339824408 0.05464176415584391 1228 8.368533044805683e-07
-0.02797301617607048 1.701417351361984 0.7014173513619844 -1.522885948025958 0.4242063838203751 -0.1838625024327028 -0.01427802432462008 0.05403733938059411 1228 8.418316513273212e-07
-0.02847301617607048 1.705383437412602 0.7053834374126018 -1.51943559427762 0.427004267175454 -0.1816786637453575 -0.01424911702040705 0.0534400255097134 1228 8.467090160800481e-07
-0.02897301617607048 1.709311918026042 0.7093119180260421 -1.515952950036264 0.4297773326977217 -0.1795234435052872 -0.01422093932660862 0.05284963209903368 1228 8.514818590817559e-07
-0.02947301617607048 1.713203773366256 0.7132037733662564 -1.512440114406164 0.4325261277444916 -0.1773980670968822 -0.01419346069537726 0.05226597643615646 1228 8.561466635757051e-07
-0.02997301617607048 1.717059944706459 0.7170599447064587 -1.508899073986053 0.4352511799046732 -0.1753005050254975 -0.01416665209161416 0.05168888312167493 1228 8.606998116028231e-07
-0.03047301617607048 1.720881336494089 0.7208813364940887 -1.505331709878205 0.4379529979800191 -0.1732291881907625 -0.01414048590178601 0.05111818367860728 1228 8.651377269725781e-07
-0.03097301617607048 1.724668818279151 0.7246688182791512 -1.501739804183271 0.440632072904956 -0.1711834206774539 -0.0141149358493383 0.05055371618777962 1228 8.694566215065074e-07
-0.03147301617607048 1.728423226516707 0.728423226516707 -1.498125046024543 0.443288878609608 -0.1691625341076744 -0.01408997691614569 0.04999532494710592 1228 8.736528625746518e-07
-0.03197301617607048 1.732145366253299 0.7321453662532991 -1.494489037141124 0.4459238728302227 -0.1671658861986751 -0.01406558526949389 0.04944286015290009 1228 8.77722625445754e-07
-0.03247301617607048 1.735836012706232 0.735836012706232 -1.490833297085717 0.4485374978708447 -0.1651928594142257 -0.01404173819413729 0.04889617760152341 1228 8.816621853059525e-07
-0.03297301617607049 1.739495912743815 0.7394959127438154 -1.487159268059354 0.4511301813197582 -0.1632428597023271 -0.01401841402901813 0.04835513840982135 1228 8.854677839305701e-07
-0.03347301617607049 1.743125786273985 0.7431257862739851 -1.483468319412434 0.4537023367239213 -0.1613153153127029 -0.01399559210827323 0.04781960875294023 1228 8.891355028537788e-07
-0.03397301617607049 1.746726327548062 0.7467263275480625 -1.479761751838685 0.4562543642243519 -0.1594096756880775 -0.01397325270618753 0.04728945961823577 1228 8.926615263644458e-07
-0.03447301617607049 1.750298206385844 0.7502982063858443 -1.476040801286281 0.4587866511551811 -0.1575254104237723 -0.01395137698578563 0.04676456657409621 1228 8.960421295451598e-07
-0.03497301617607049 1.753842069327686 0.7538420693276864 -1.472306642608182 0.4612995726088677 -0.1556620082906171 -0.01392994695077973 0.04624480955260262 1228 8.992733833955132e-07
-0.03547301617607049 1.757358540718773 0.7573585407187731 -1.468560392971767 0.4637934919698745 -0.1538189763165965 -0.01390894540061756 0.0457300726450386 1228 9.023515678061913e-07
-0.03597301617607049 1.760848223730341 0.7608482237303413 -1.464803115046119 0.466268761418919 -0.1519958389230349 -0.01388835588839622 0.04522024390934328 1228 9.052727144020719e-07
-0.03647301617607049 1.764311701322235 0.7643117013222351 -1.461035819983704 0.468725722409752 -0.1501921371114681 -0.0138681626814285 0.04471521518867575 1228 9.080332587856877e-07
-0.03697301617607049 1.767749537150814 0.7677495371508136 -1.457259470211764 0.4711647061202606 -0.148407427697666 -0.01384835072426585 0.04421488194032587 1228 9.106291468958014e-07
-0.03747301617607049 1.771162276425922 0.7711622764259225 -1.45347498204743 0.4735860338795626 -0.146641282589554 -0.01382890560399931 0.04371914307426719 1228 9.130569731943586e-07
-0.03797301617607049 1.774550446720341 0.774550446720341 -1.449683228149429 0.4759900175726273 -0.1448932881060397 -0.01380981351767443 0.04322790080070396 1228 9.153128849195487e-07
-0.03847301617607049 1.777914558734852 0.7779145587348522 -1.445885039818131 0.4783769600238466 -0.1431630443339889 -0.01379113888045304 0.04274106048601361 1228 9.173932372796543e-07
-0.03897301617607049 1.781255107021845 0.7812551070218454 -1.442081209154787 0.4807471553608745 -0.1414509711845698 -0.01377306459362757 0.04225853051653333 1228 9.192944542699847e-07
-0.03947301617607049 1.784572570670139 0.7845725706701387 -1.438272491089883 0.4831008893599567 -0.1397570722205552 -0.01375531655292961 0.04178022216968034 1228 9.21013114482351e-07
-0.03997301617607049 1.787867413953502 0.787867413953502 -1.434459605289745 0.4854384397738843 -0.1380797440423073 -0.01373788282369902 0.04130604949193459 1228 9.225456762278899e-07
-0.04047301617607049 1.791140086945183 0.7911400869451832 -1.430643237949839 0.487760076643626 -0.1364186376633912 -0.01372075195215166 0.04083592918324758 1228 9.238889111386855e-07
-0.04097301617607049 1.79439102610057 0.7943910261005698 -1.426824043482502 0.4900660625946139 -0.1347734150797618 -0.01370391294250576 0.04036978048747274 1228 9.250393952626226e-07
-0.04147301617607049 1.797620654809959 0.7976206548099591 -1.423002646106263 0.4923566531185976 -0.1331437488113635 -0.01368735523539811 0.03990752508844306 1228 9.259939833330548e-07
-0.04197301617607049 1.800829383923272 0.8008293839232723 -1.419179641343365 0.4946320968419098 -0.1315293214674937 -0.01367106868750501 0.03944908701134787 1228 9.267496323272904e-07
-0.04247301617607049 1.804017612248416 0.8040176122484157 -1.415355597431588 0.4968926357809367 -0.1299298253344619 -0.01365504355228989 0.03899439252908621 1228 9.273033921486118e-07
-0.04297301617607049 1.807185727024872 0.8071857270248723 -1.411531056655999 0.4991385055855252 -0.128344961984183 -0.01363927046180451 0.03854337007329643 1228 9.276524309270776e-07
-0.04347301617607049 1.810334104373997 0.8103341043739967 -1.407706536605875 0.5013699357710165 -0.1267744419024375 -0.01362374040947681 0.03809595014978318 1228 9.276976497510858e-07
-0.0439730161760705 1.813463109727385 0.8134631097273846 -1.403882531361607 0.5035871499395457 -0.1252179841356227 -0.01360844473382302 0.03765206525808181 1228 9.161039624503805e-07
-0.0444730161760705 1.816573098234594 0.8165730982345942 -1.40005951261608 0.5057903659912059 -0.1236753159548977 -0.01359337510302605 0.03721164981491845 1228 9.049727373747039e-07
-0.0449730161760705 1.819664415151411 0.8196644151514112 -1.396237930734679 0.5079797963256383 -0.1221461725367025 -0.01357852350032676 0.03677464008133986 1228 8.942649845297728e-07
-0.0454730161760705 1.822737396209769 0.8227373962097686 -1.392418215757778 0.5101556480345704 -0.1206302966586992 -0.0135638822101779 0.0363409740933031 1228 8.839444274010617e-07
-0.0459730161760705 1.825792367970357 0.8257923679703569 -1.388600778349282 0.5123181230857933 -0.1191274384102485 -0.01354944380511467 0.03591059159552828 1228 8.739778190131193e-07
-0.0464730161760705 1.828829648158899 0.828829648158899 -1.384786010694573 0.5144674184990375 -0.1176373549165924 -0.01353520113329861 0.03548343397843104 1228 8.643344209021346e-07
-0.0469730161760705 1.831849545986991 0.8318495459869908 -1.380974287350931 0.5166037265141789 -0.1161598100759708 -0.01352114730669456 0.03505944421796324 1228 8.549856466882278e-07
-0.0474730161760705 1.834852362458359 0.8348523624583588 -1.377165966053331 0.5187272347521753 -0.1146945743089483 -0.01350727568984355 0.03463856681820158 1228 8.459052344784607e-07
-0.0479730161760705 1.837838390661328 0.8378383906613278 -1.373361388478281 0.5208381263691179 -0.1132414243192742 -0.0134935798891964 0.03422074775653385 1228 8.370686404062399e-07
-0.0484730161760705 1.840807916048242 0.8408079160482418 -1.369560880968218 0.5229365802037488 -0.1118001428656448 -0.0134800537429757 0.03380593443130223 1228 8.284533247338208e-07
-0.0489730161760705 1.843761216702535 0.8437612167025355 -1.365764755218779 0.5250227709187815 -0.1103705185437734 -0.01346669131153572 0.03339407561177198 1228 8.200381043211026e-07
-0.0494730161760705 1.846698563594111 0.8466985635941109 -1.361973308931138 0.5270968691363389 -0.108952394900852 -0.01345348686819183 0.03298512139030178 1228 8.118035838066501e-07
-0.0499730161760705 1.849620220823632 0.8496202208236316 -1.358186826431418 0.5291590415678035 -0.1075469991976197 -0.01344043489049289 0.03257902313659998 1228 8.037316385586945e-07
