TITLE = "branch_temporal_growth"
VARIABLES = "pressure_gradient" "Tw" "leading_real" "leading_imag" "positive_real_count" "fold_sample"
DATASETAUXDATA Source_File = "three_solution_dynamics/branch_temporal_growth.csv"
DATASETAUXDATA Converter = "convert_all_to_tecplot.py"
ZONE T="data", I=74, DATAPACKING=POINT
0.0979164800975601 1 -0.02553823976624651 0 0 0
0.0959164800975601 1.004673708172472 -0.02522689465378568 0 0 0
0.0939164800975601 1.009334860637126 -0.02491028496527534 0 0 0
0.09191648009756009 1.013982871241277 -0.0245879846369829 0 0 0
0.08991648009756009 1.01861709061368 -0.02425952510787054 0 0 0
0.08791648009756009 1.023236799557952 -0.02392439278555239 0 0 0
0.08591648009756009 1.027841201897696 -0.02358202671260394 0 0 0
0.08391648009756009 1.03242941676225 -0.02323181650950211 0 0 0
0.08191648009756008 1.037000470289142 -0.02287310073502126 0 0 0
0.07991648009756008 1.041553286735178 -0.02250516582546199 0 0 0
0.07791648009756008 1.04608667899671 -0.02212724580444429 0 0 0
0.07591648009756008 1.050599338542209 -0.02173852305174301 0 0 0
0.07391648009756008 1.055089824792384 -0.02133813033449768 0 0 0
0.07191648009756008 1.059556553980432 -0.02092515457020957 0 0 0
0.06991648009756007 1.063997787577436 -0.02049864266544745 0 0 0
0.06791648009756007 1.068411620378449 -0.02005760994774705 0 0 0
0.06591648009756007 1.072795968407347 -0.01960105175573447 0 0 0
0.06391648009756007 1.077148556841722 -0.01912795882690191 0 0 0
0.06191648009756007 1.081466908244116 -0.01863733718946439 0 0 0
0.05991648009756007 1.085748331470159 -0.0181282333167973 0 0 0
0.05791648009756006 1.089989911748833 -0.01759976531771924 0 0 0
0.05591648009756006 1.094188502582263 -0.01705116090443629 0 0 0
0.05391648009756006 1.098340720296002 -0.01648180279411933 0 0 0
0.05191648009756006 1.102442942312289 -0.0158912819327261 0 0 0
0.04991648009756006 1.106491310498993 -0.01527945860735906 0 0 0
0.04791648009756005 1.110481741284338 -0.01464653088510603 0 0 0
0.04591648009756005 1.114409944597581 -0.0139931089442855 0 0 0
0.04391648009756005 1.118271454070686 -0.01332029257451505 0 0 0
0.04191648009756005 1.122061671228578 -0.01262974733878546 0 0 0
0.03991648009756005 1.125775926437561 -0.01192377234355905 0 0 0
0.03791648009756005 1.129409558800123 -0.01120534908562183 0 0 0
0.03591648009756004 1.132958015417185 -0.01047815595356015 0 0 0
0.03391648009756004 1.136416966123072 -0.009746526057096494 0 0 0
0.03191648009756004 1.13978242091723 -0.009015316252634105 0 0 0
0.02991648009756004 1.143050819793434 -0.008289641199227005 0 0 0
0.02791648009756004 1.146219031359324 -0.007574406424710509 0 0 0
0.02591648009756004 1.149284135616224 -0.006873547494373494 0 0 0
0.02391648009756003 1.15224275652855 -0.006188849521116974 0 0 0
0.02191648009756003 1.155089519147479 -0.00551819182045838 0 0 0
0.01991648009756003 1.157813883189148 -0.00485306777370844 0 0 0
0.01791648009756003 1.160394091691427 -0.004175355297988338 0 0 0
0.01591648009756003 1.162786209722801 -0.003453756476941876 0 0 0
0.01491648009756003 1.16388751730386 -0.003062468421858056 0 0 0
0.01391648009756002 1.164905233091674 -0.002641492361856045 0 0 0
0.01291648009756002 1.165817262603076 -0.002183042363535981 0 0 0
0.01191648009756002 1.166594210188026 -0.001679433180959446 0 0 0
0.01141648009756002 1.166920374599179 -0.001408581126254916 0 0 0
0.01091648009756002 1.167197436402169 -0.001124193899079831 0 0 0
0.01041648009756002 1.167418747378683 -0.0008259449598558853 0 0 0
0.009916480097560021 1.167576779680363 -0.0005138571878626327 0 0 0
0.00941648009756002 1.167663040053168 -0.0001884177956012831 0 0 0
0.009135420160491526 1.167676484051839 -7.39872408548617e-12 0 0 1
0.00891648009756002 1.167667984008853 0.0001492800202167031 0 1 0
0.00841648009756002 1.167580934582445 0.0004973611737828609 0 1 0
0.007916480097560019 1.167390015071955 0.0008529468537149405 0 1 0
0.007416480097560019 1.167082110939561 0.001211868206272327 0 1 0
0.006916480097560018 1.166642891245565 0.001568284107651873 0 1 0
0.006416480097560018 1.16605694782287 0.001914147846134813 0 1 0
0.005916480097560017 1.16530816333773 0.002238424009973306 0 1 0
0.005416480097560017 1.164380540136542 0.002525869503447097 0 1 0
0.004916480097560016 1.163259983975325 0.002755015788124656 0 1 0
0.004416480097560016 1.161938164177575 0.002894605766455904 0 1 0
0.003916480097560016 1.160421193684022 0.002896843533641899 0 1 0
0.003416480097560015 1.158750448698294 0.002683529367834467 0 1 0
0.002916480097560015 1.157057530287895 0.002114509794708733 0 1 0
0.002416480097560014 1.155730657320775 0.0009047359735176877 0 1 0
0.002192364789129834 1.155517548693083 -2.329497620217812e-09 0 0 1
0.001916480097560014 1.156031089469672 -0.001652508052898031 0 0 0
0.001416480097560013 1.163182753564118 -0.008340384806998263 0 0 0
0.0009164800975600129 1.202795206888189 -0.01860099735020174  0.01247549528782124 0 0
0.0004164800975600125 1.275169772838919 -0.02359807566073609  0.01757800207615822 0 0
-8.351990243998797e-05 1.328429258811444 -0.02744966214428392 0.01856585295177025 0 0
-0.0005835199024399884 1.367777662484936 -0.03041634885601599 0.01825040889797984 0 0
-0.001083519902439989 1.399147366039066 -0.03288941660111439  0.01730414420174697  0 0
